1 405 720
2 405 720
3 2160 3840
4 405 720
5 1080 1920
6 1080 1920
7 2160 3840
8 2160 3840
9 1080 1920
10 2160 3840
11 405 720
12 480 586
13 2160 3840
14 405 720
15 405 720
16 1080 1920
17 405 720
18 405 720
19 2160 3840
20 405 720
21 405 720
22 1080 1920
23 2160 3840
24 405 720
25 2160 3840
26 405 720
27 1080 1920
28 1080 1920
29 2160 3840
30 405 720
31 2160 3840
32 405 720
33 2160 3840
34 1080 1920
35 1080 1920
36 2160 3840
37 405 720
38 2160 3840
39 405 720
40 2160 3840
41 2160 3840
42 405 720
43 405 720
44 1080 1920
45 1080 1920
46 1080 1920
47 1080 1920
48 405 720
49 1080 1920
50 405 720
51 1080 1920
52 2160 3840
53 2160 3840
54 2160 3840
55 405 720
56 405 720
57 405 720
58 2160 3840
59 405 720
60 2160 3840
61 405 720
62 2160 3840
63 405 720
64 405 720
65 405 720
66 1080 1920
67 405 720
68 405 720
69 405 720
70 2160 3840
71 2160 3840
72 2160 3840
73 405 720
74 2160 3840
75 405 720
76 405 720
77 2160 3840
78 2160 3840
79 405 720
80 2160 3840
81 1080 1920
82 576 704
83 2160 3840
84 2160 3840
85 1080 1920
86 405 720
87 405 720
88 2160 3840
89 1080 1920
90 405 720
91 1080 1920
92 405 720
93 1080 1920
94 405 720
95 1080 1920
96 2160 3840
97 2160 3840
98 2160 3840
99 576 704
100 2160 3840
101 405 720
102 405 720
103 1080 1920
104 2160 3840
105 405 720
106 405 720
107 480 586
108 405 720
109 2160 3840
110 2160 3840
111 405 720
112 2160 3840
113 405 720
114 405 720
115 405 720
116 405 720
117 1080 1920
118 405 720
119 2160 3840
120 2160 3840
121 405 720
122 405 720
123 2160 3840
124 2160 3840
125 405 720
126 405 720
127 1080 1920
128 480 586
129 2160 3840
130 2160 3840
131 1080 1920
132 2160 3840
133 2160 3840
134 405 720
135 480 586
136 2160 3840
137 1080 1920
138 1080 1920
139 2160 3840
140 2160 3840
141 2160 3840
142 2160 3840
143 405 720
144 405 720
145 405 720
146 405 720
147 405 720
148 405 720
149 405 720
150 405 720
151 1080 1920
152 2160 3840
153 405 720
154 2160 3840
155 405 720
156 1080 1920
157 2160 3840
158 405 720
159 405 720
160 2160 3840
161 405 720
162 2160 3840
163 1080 1920
164 405 720
165 405 720
166 405 720
167 2160 3840
168 405 720
169 2160 3840
170 405 720
171 405 720
172 2160 3840
173 2160 3840
174 405 720
175 2160 3840
176 405 720
177 1080 1920
178 405 720
179 1080 1920
180 2160 3840
181 405 720
182 405 720
183 405 720
184 2160 3840
185 405 720
186 405 720
187 405 720
188 405 720
189 1080 1920
190 2160 3840
191 405 720
192 2160 3840
193 2160 3840
194 405 720
195 2160 3840
196 1080 1920
197 405 720
198 2160 3840
199 405 720
200 2160 3840
201 1080 1920
202 405 720
203 1080 1920
204 405 720
205 1080 1920
206 1080 1920
207 2160 3840
208 2160 3840
209 1080 1920
210 405 720
211 2160 3840
212 405 720
213 2160 3840
214 405 720
215 405 720
216 405 720
217 405 720
218 405 720
219 2160 3840
220 405 720
221 405 720
222 2160 3840
223 405 720
224 405 720
225 405 720
226 405 720
227 2160 3840
228 2160 3840
229 1080 1920
230 405 720
231 405 720
232 1080 1920
233 2160 3840
234 1080 1920
235 405 720
236 405 720
237 2160 3840
238 405 720
239 405 720
240 2160 3840
241 2160 3840
242 405 720
243 1080 1920
244 405 720
245 405 720
246 405 720
247 405 720
248 405 720
249 405 720
250 2160 3840
251 2160 3840
252 2160 3840
253 2160 3840
254 405 720
255 405 720
256 405 720
257 576 704
258 405 720
259 405 720
260 1080 1920
261 405 720
262 405 720
263 405 720
264 1080 1920
265 1080 1920
266 405 720
267 405 720
268 2160 3840
269 405 720
270 405 720
271 2160 3840
272 2160 3840
273 405 720
274 2160 3840
275 2160 3840
276 2160 3840
277 1080 1920
278 1080 1920
279 1080 1920
280 2160 3840
281 405 720
282 2160 3840
283 405 720
284 1080 1920
285 2160 3840
286 405 720
287 405 720
288 1080 1920
289 1080 1920
290 405 720
291 2160 3840
292 405 720
293 405 720
294 405 720
295 405 720
296 1080 1920
297 405 720
298 2160 3840
299 1080 1920
300 2160 3840
301 405 720
302 2160 3840
303 2160 3840
304 405 720
305 2160 3840
306 2160 3840
307 405 720
308 2160 3840
309 405 720
310 405 720
311 405 720
312 405 720
313 405 720
314 1080 1920
315 1080 1920
316 405 720
317 2160 3840
318 2160 3840
319 2160 3840
320 405 720
321 2160 3840
322 2160 3840
323 2160 3840
324 405 720
325 2160 3840
326 2160 3840
327 1080 1920
328 405 720
329 405 720
330 2160 3840
331 1080 1920
332 2160 3840
333 1080 1920
334 1080 1920
335 405 720
336 480 586
337 405 720
338 1080 1920
339 405 720
340 405 720
341 405 720
342 2160 3840
343 405 720
344 405 720
345 2160 3840
346 405 720
347 405 720
348 1080 1920
349 1080 1920
350 2160 3840
351 405 720
352 2160 3840
353 405 720
354 405 720
355 2160 3840
356 1080 1920
357 1080 1920
358 1080 1920
359 2160 3840
360 405 720
361 2160 3840
362 2160 3840
363 405 720
364 1080 1920
365 2160 3840
366 405 720
367 2160 3840
368 405 720
369 405 720
370 2160 3840
371 2160 3840
372 1080 1920
373 405 720
374 405 720
375 2160 3840
376 1080 1920
377 405 720
378 405 720
379 2160 3840
380 2160 3840
381 405 720
382 2160 3840
383 1080 1920
384 2160 3840
385 405 720
386 2160 3840
387 1080 1920
388 405 720
389 405 720
390 2160 3840
391 405 720
392 405 720
393 405 720
394 2160 3840
395 405 720
396 2160 3840
397 2160 3840
398 405 720
399 2160 3840
400 2160 3840
401 2160 3840
402 2160 3840
403 405 720
404 1080 1920
405 405 720
406 405 720
407 405 720
408 405 720
409 405 720
410 405 720
411 1080 1920
412 1080 1920
413 405 720
414 1080 1920
415 1080 1920
416 1080 1920
417 2160 3840
418 405 720
419 405 720
420 2160 3840
421 405 720
422 1080 1920
423 405 720
424 2160 3840
425 2160 3840
426 405 720
427 405 720
428 2160 3840
429 2160 3840
430 405 720
431 1080 1920
432 1080 1920
433 405 720
434 2160 3840
435 1080 1920
436 2160 3840
437 1080 1920
438 405 720
439 1080 1920
440 405 720
441 405 720
442 405 720
443 2160 3840
444 1080 1920
445 405 720
446 405 720
447 405 720
448 2160 3840
449 1080 1920
450 405 720
451 2160 3840
452 405 720
453 1080 1920
454 405 720
455 2160 3840
456 405 720
457 405 720
458 405 720
459 2160 3840
460 405 720
461 2160 3840
462 405 720
463 2160 3840
464 405 720
465 2160 3840
466 405 720
467 1080 1920
468 2160 3840
469 1080 1920
470 405 720
471 405 720
472 405 720
473 405 720
474 405 720
475 405 720
476 405 720
477 405 720
478 405 720
479 405 720
480 2160 3840
481 405 720
482 405 720
483 405 720
484 2160 3840
485 405 720
486 2160 3840
487 405 720
488 1080 1920
489 2160 3840
490 1080 1920
491 2160 3840
492 405 720
493 2160 3840
494 2160 3840
495 405 720
496 2160 3840
497 2160 3840
498 405 720
499 2160 3840
500 405 720
501 2160 3840
502 405 720
503 1080 1920
504 1080 1920
505 2160 3840
506 2160 3840
507 405 720
508 1080 1920
509 2160 3840
510 405 720
511 2160 3840
512 1080 1920
513 1080 1920
514 2160 3840
515 1080 1920
516 405 720
517 405 720
518 405 720
519 2160 3840
520 405 720
521 1080 1920
522 405 720
523 405 720
524 1080 1920
525 2160 3840
526 405 720
527 1080 1920
528 2160 3840
529 405 720
530 2160 3840
531 2160 3840
532 405 720
533 2160 3840
534 405 720
535 1080 1920
536 405 720
537 405 720
538 405 720
539 405 720
540 1080 1920
541 405 720
542 1080 1920
543 405 720
544 2160 3840
545 1080 1920
546 2160 3840
547 1080 1920
548 405 720
549 1080 1920
550 405 720
551 405 720
552 2160 3840
553 405 720
554 2160 3840
555 2160 3840
556 1080 1920
557 1080 1920
558 405 720
559 1080 1920
560 405 720
561 405 720
562 405 720
563 405 720
564 405 720
565 2160 3840
566 405 720
567 2160 3840
568 405 720
569 405 720
570 405 720
571 405 720
572 2160 3840
573 1080 1920
574 405 720
575 405 720
576 405 720
577 405 720
578 2160 3840
579 1080 1920
580 405 720
581 405 720
582 2160 3840
583 405 720
584 2160 3840
585 1080 1920
586 405 720
587 405 720
588 2160 3840
589 2160 3840
590 405 720
591 405 720
592 405 720
593 405 720
594 2160 3840
595 405 720
596 405 720
597 405 720
598 2160 3840
599 405 720
600 2160 3840
601 405 720
602 2160 3840
603 405 720
604 1080 1920
605 2160 3840
606 2160 3840
607 405 720
608 2160 3840
609 2160 3840
610 1080 1920
611 405 720
612 2160 3840
613 1080 1920
614 2160 3840
615 1080 1920
616 405 720
617 405 720
618 2160 3840
619 405 720
620 405 720
621 2160 3840
622 1080 1920
623 2160 3840
624 2160 3840
625 2160 3840
626 2160 3840
627 2160 3840
628 2160 3840
629 2160 3840
630 405 720
631 405 720
632 405 720
633 405 720
634 2160 3840
635 405 720
636 405 720
637 2160 3840
638 2160 3840
639 405 720
640 405 720
641 405 720
642 2160 3840
643 405 720
644 405 720
645 405 720
646 2160 3840
647 2160 3840
648 2160 3840
649 405 720
650 2160 3840
651 2160 3840
652 405 720
653 2160 3840
654 2160 3840
655 2160 3840
656 1080 1920
657 2160 3840
658 2160 3840
659 405 720
660 2160 3840
661 405 720
662 405 720
663 405 720
664 405 720
665 405 720
666 405 720
667 2160 3840
668 405 720
669 405 720
670 2160 3840
671 405 720
672 1080 1920
673 405 720
674 405 720
675 1080 1920
676 405 720
677 1080 1920
678 405 720
679 405 720
680 405 720
681 1080 1920
682 405 720
683 405 720
684 405 720
685 405 720
686 1080 1920
687 405 720
688 405 720
689 405 720
690 2160 3840
691 2160 3840
692 1080 1920
693 2160 3840
694 405 720
695 405 720
696 405 720
697 1080 1920
698 2160 3840
699 405 720
700 405 720
701 2160 3840
702 405 720
703 405 720
704 405 720
705 2160 3840
706 405 720
707 1080 1920
708 2160 3840
709 2160 3840
710 405 720
711 1080 1920
712 2160 3840
713 2160 3840
714 1080 1920
715 405 720
716 405 720
717 2160 3840
718 2160 3840
719 405 720
720 405 720
721 405 720
722 405 720
723 1080 1920
724 1080 1920
725 405 720
726 405 720
727 1080 1920
728 405 720
729 2160 3840
730 405 720
731 1080 1920
732 2160 3840
733 2160 3840
734 1080 1920
735 2160 3840
736 405 720
737 2160 3840
738 405 720
739 405 720
740 405 720
741 2160 3840
742 2160 3840
743 2160 3840
744 405 720
745 405 720
746 2160 3840
747 405 720
748 405 720
749 480 586
750 405 720
751 405 720
752 405 720
753 2160 3840
754 405 720
755 405 720
756 2160 3840
757 1080 1920
758 405 720
759 2160 3840
760 2160 3840
761 2160 3840
762 2160 3840
763 1080 1920
764 405 720
765 405 720
766 405 720
767 405 720
768 1080 1920
769 405 720
770 2160 3840
771 405 720
772 405 720
773 405 720
774 2160 3840
775 1080 1920
776 1080 1920
777 405 720
778 2160 3840
779 1080 1920
780 1080 1920
781 405 720
782 1080 1920
783 2160 3840
784 1080 1920
785 405 720
786 405 720
787 1080 1920
788 1080 1920
789 405 720
790 405 720
791 405 720
792 1080 1920
793 2160 3840
794 1080 1920
795 405 720
796 405 720
797 405 720
798 405 720
799 2160 3840
800 2160 3840
801 2160 3840
802 405 720
803 2160 3840
804 2160 3840
805 2160 3840
806 405 720
807 2160 3840
808 2160 3840
809 2160 3840
810 576 704
811 2160 3840
812 2160 3840
813 405 720
814 405 720
815 405 720
816 2160 3840
817 1080 1920
818 405 720
819 405 720
820 405 720
821 405 720
822 405 720
823 1080 1920
824 2160 3840
825 405 720
826 405 720
827 1080 1920
828 405 720
829 405 720
830 405 720
831 405 720
832 405 720
833 405 720
834 405 720
835 405 720
836 405 720
837 1080 1920
838 2160 3840
839 405 720
840 405 720
841 1080 1920
842 2160 3840
843 2160 3840
844 405 720
845 405 720
846 1080 1920
847 2160 3840
848 405 720
849 405 720
850 2160 3840
851 405 720
852 2160 3840
853 2160 3840
854 405 720
855 405 720
856 405 720
857 405 720
858 405 720
859 405 720
860 2160 3840
861 405 720
862 405 720
863 405 720
864 405 720
865 2160 3840
866 405 720
867 1080 1920
868 405 720
869 405 720
870 405 720
871 2160 3840
872 405 720
873 405 720
874 2160 3840
875 405 720
876 405 720
877 2160 3840
878 405 720
879 1080 1920
880 405 720
881 2160 3840
882 405 720
883 2160 3840
884 2160 3840
885 1080 1920
886 1080 1920
887 405 720
888 405 720
889 2160 3840
890 405 720
891 1080 1920
892 405 720
893 2160 3840
894 2160 3840
895 1080 1920
896 2160 3840
897 1080 1920
898 2160 3840
899 2160 3840
900 405 720
901 2160 3840
902 405 720
903 2160 3840
904 2160 3840
905 1080 1920
906 405 720
907 405 720
908 1080 1920
909 405 720
910 405 720
911 1080 1920
912 405 720
913 405 720
914 2160 3840
915 2160 3840
916 405 720
917 405 720
918 2160 3840
919 405 720
920 405 720
921 405 720
922 2160 3840
923 405 720
924 405 720
925 405 720
926 1080 1920
927 2160 3840
928 405 720
929 2160 3840
930 405 720
931 1080 1920
932 405 720
933 2160 3840
934 405 720
935 1080 1920
936 1080 1920
937 1080 1920
938 2160 3840
939 1080 1920
940 405 720
941 2160 3840
942 2160 3840
943 405 720
944 405 720
945 405 720
946 405 720
947 2160 3840
948 405 720
949 2160 3840
950 2160 3840
951 405 720
952 405 720
953 2160 3840
954 405 720
955 1080 1920
956 2160 3840
957 1080 1920
958 405 720
959 2160 3840
960 1080 1920
961 2160 3840
962 2160 3840
963 405 720
964 405 720
965 1080 1920
966 2160 3840
967 2160 3840
968 405 720
969 2160 3840
970 405 720
971 405 720
972 1080 1920
973 405 720
974 405 720
975 405 720
976 405 720
977 405 720
978 405 720
979 405 720
980 1080 1920
981 1080 1920
982 2160 3840
983 405 720
984 405 720
985 405 720
986 405 720
987 405 720
988 405 720
989 405 720
990 405 720
991 1080 1920
992 405 720
993 405 720
994 405 720
995 2160 3840
996 405 720
997 405 720
998 405 720
999 2160 3840
1000 405 720
1001 2160 3840
1002 1080 1920
1003 405 720
1004 405 720
1005 2160 3840
1006 2160 3840
1007 2160 3840
1008 405 720
1009 2160 3840
1010 405 720
1011 405 720
1012 2160 3840
1013 2160 3840
1014 1080 1920
1015 405 720
1016 2160 3840
1017 2160 3840
1018 405 720
1019 2160 3840
1020 1080 1920
1021 405 720
1022 405 720
1023 405 720
1024 1080 1920
1025 405 720
1026 1080 1920
1027 2160 3840
1028 2160 3840
1029 2160 3840
1030 405 720
1031 2160 3840
1032 2160 3840
1033 405 720
1034 2160 3840
1035 2160 3840
1036 405 720
1037 405 720
1038 405 720
1039 405 720
1040 2160 3840
1041 1080 1920
1042 405 720
1043 2160 3840
1044 2160 3840
1045 2160 3840
1046 1080 1920
1047 2160 3840
1048 405 720
1049 405 720
1050 2160 3840
1051 405 720
1052 405 720
1053 2160 3840
1054 2160 3840
1055 405 720
1056 2160 3840
1057 405 720
1058 2160 3840
1059 405 720
1060 405 720
1061 405 720
1062 2160 3840
1063 2160 3840
1064 1080 1920
1065 2160 3840
1066 405 720
1067 480 586
1068 2160 3840
1069 405 720
1070 1080 1920
1071 2160 3840
1072 1080 1920
1073 405 720
1074 2160 3840
1075 405 720
1076 405 720
1077 1080 1920
1078 405 720
1079 2160 3840
1080 1080 1920
1081 405 720
1082 1080 1920
1083 405 720
1084 480 586
1085 405 720
1086 1080 1920
1087 2160 3840
1088 2160 3840
1089 405 720
1090 405 720
1091 1080 1920
1092 405 720
1093 1080 1920
1094 2160 3840
1095 405 720
1096 2160 3840
1097 405 720
1098 405 720
1099 1080 1920
1100 2160 3840
1101 405 720
1102 2160 3840
1103 2160 3840
1104 2160 3840
1105 1080 1920
1106 2160 3840
1107 405 720
1108 405 720
1109 405 720
1110 1080 1920
1111 1080 1920
1112 405 720
1113 2160 3840
1114 2160 3840
1115 1080 1920
1116 405 720
1117 405 720
1118 2160 3840
1119 405 720
1120 405 720
1121 405 720
1122 405 720
1123 405 720
1124 405 720
1125 405 720
1126 2160 3840
1127 405 720
1128 405 720
1129 405 720
1130 1080 1920
1131 1080 1920
1132 405 720
1133 480 586
1134 2160 3840
1135 2160 3840
1136 2160 3840
1137 405 720
1138 1080 1920
1139 2160 3840
1140 405 720
1141 2160 3840
1142 405 720
1143 405 720
1144 2160 3840
1145 480 586
1146 405 720
1147 2160 3840
1148 405 720
1149 405 720
1150 405 720
1151 2160 3840
1152 1080 1920
1153 1080 1920
1154 405 720
1155 405 720
1156 2160 3840
1157 405 720
1158 2160 3840
1159 405 720
1160 405 720
1161 405 720
1162 1080 1920
1163 405 720
1164 2160 3840
1165 1080 1920
1166 2160 3840
1167 405 720
1168 405 720
1169 405 720
1170 2160 3840
1171 1080 1920
1172 405 720
1173 405 720
1174 405 720
1175 2160 3840
1176 1080 1920
1177 405 720
1178 1080 1920
1179 405 720
1180 2160 3840
1181 1080 1920
1182 2160 3840
1183 2160 3840
1184 1080 1920
1185 1080 1920
1186 405 720
1187 405 720
1188 2160 3840
1189 1080 1920
1190 2160 3840
1191 405 720
1192 405 720
1193 405 720
1194 405 720
1195 2160 3840
1196 1080 1920
1197 2160 3840
1198 405 720
1199 2160 3840
1200 2160 3840
1201 2160 3840
1202 1080 1920
1203 405 720
1204 405 720
1205 2160 3840
1206 1080 1920
1207 405 720
1208 405 720
1209 2160 3840
1210 2160 3840
1211 2160 3840
1212 405 720
1213 405 720
1214 1080 1920
1215 405 720
1216 405 720
1217 1080 1920
1218 1080 1920
1219 2160 3840
1220 405 720
1221 405 720
1222 2160 3840
1223 1080 1920
1224 405 720
1225 1080 1920
1226 405 720
1227 2160 3840
1228 405 720
1229 405 720
1230 405 720
1231 2160 3840
1232 405 720
1233 405 720
1234 405 720
1235 405 720
1236 1080 1920
1237 405 720
1238 405 720
1239 2160 3840
1240 405 720
1241 405 720
1242 405 720
1243 1080 1920
1244 2160 3840
1245 1080 1920
1246 405 720
1247 405 720
1248 1080 1920
1249 1080 1920
1250 2160 3840
1251 405 720
1252 405 720
1253 1080 1920
1254 405 720
1255 2160 3840
1256 2160 3840
1257 405 720
1258 405 720
1259 1080 1920
1260 405 720
1261 2160 3840
1262 405 720
1263 405 720
1264 405 720
1265 2160 3840
1266 1080 1920
1267 1080 1920
1268 2160 3840
1269 2160 3840
1270 2160 3840
1271 405 720
1272 2160 3840
1273 2160 3840
1274 2160 3840
1275 1080 1920
1276 405 720
1277 2160 3840
1278 405 720
1279 405 720
1280 1080 1920
1281 2160 3840
1282 1080 1920
1283 405 720
1284 1080 1920
1285 2160 3840
1286 405 720
1287 405 720
1288 2160 3840
1289 405 720
1290 405 720
1291 1080 1920
1292 405 720
1293 405 720
1294 2160 3840
1295 405 720
1296 2160 3840
1297 405 720
1298 405 720
1299 405 720
1300 2160 3840
1301 405 720
1302 1080 1920
1303 1080 1920
1304 405 720
1305 1080 1920
1306 405 720
1307 2160 3840
1308 2160 3840
1309 2160 3840
1310 405 720
1311 405 720
1312 405 720
1313 2160 3840
1314 2160 3840
1315 1080 1920
1316 405 720
1317 2160 3840
1318 405 720
1319 2160 3840
1320 1080 1920
1321 405 720
1322 2160 3840
1323 2160 3840
1324 2160 3840
1325 2160 3840
1326 405 720
1327 2160 3840
1328 1080 1920
1329 405 720
1330 405 720
1331 405 720
1332 2160 3840
1333 405 720
1334 1080 1920
1335 405 720
1336 405 720
1337 405 720
1338 405 720
1339 405 720
1340 405 720
1341 405 720
1342 1080 1920
1343 405 720
1344 405 720
1345 405 720
1346 405 720
1347 405 720
1348 405 720
1349 1080 1920
1350 405 720
1351 1080 1920
1352 2160 3840
1353 2160 3840
1354 405 720
1355 2160 3840
1356 2160 3840
1357 405 720
1358 1080 1920
1359 2160 3840
1360 405 720
1361 405 720
1362 405 720
1363 405 720
1364 2160 3840
1365 2160 3840
1366 1080 1920
1367 405 720
1368 405 720
1369 2160 3840
1370 405 720
1371 2160 3840
1372 2160 3840
1373 1080 1920
1374 405 720
1375 405 720
1376 2160 3840
1377 405 720
1378 2160 3840
1379 2160 3840
1380 2160 3840
1381 2160 3840
1382 405 720
1383 2160 3840
1384 2160 3840
1385 405 720
1386 2160 3840
1387 405 720
1388 1080 1920
1389 405 720
1390 1080 1920
1391 2160 3840
1392 1080 1920
1393 1080 1920
1394 405 720
1395 1080 1920
1396 1080 1920
1397 405 720
1398 405 720
1399 1080 1920
1400 2160 3840
1401 576 704
1402 405 720
1403 405 720
1404 405 720
1405 1080 1920
1406 405 720
1407 2160 3840
1408 1080 1920
1409 405 720
1410 405 720
1411 405 720
1412 1080 1920
1413 1080 1920
1414 2160 3840
1415 405 720
1416 405 720
1417 2160 3840
1418 1080 1920
1419 2160 3840
1420 1080 1920
1421 2160 3840
1422 405 720
1423 405 720
1424 2160 3840
1425 405 720
1426 405 720
1427 405 720
1428 1080 1920
1429 405 720
1430 405 720
1431 2160 3840
1432 405 720
1433 405 720
1434 405 720
1435 405 720
1436 405 720
1437 2160 3840
1438 405 720
1439 1080 1920
1440 405 720
1441 405 720
1442 405 720
1443 405 720
1444 405 720
1445 405 720
1446 405 720
1447 405 720
1448 1080 1920
1449 405 720
1450 405 720
1451 2160 3840
1452 405 720
1453 405 720
1454 405 720
1455 1080 1920
1456 405 720
1457 1080 1920
1458 2160 3840
1459 405 720
1460 2160 3840
1461 405 720
1462 405 720
1463 1080 1920
1464 2160 3840
1465 405 720
1466 480 586
1467 405 720
1468 2160 3840
1469 405 720
1470 405 720
1471 2160 3840
1472 1080 1920
1473 2160 3840
1474 405 720
1475 405 720
1476 405 720
1477 2160 3840
1478 405 720
1479 405 720
1480 2160 3840
1481 405 720
1482 2160 3840
1483 405 720
1484 1080 1920
1485 405 720
1486 1080 1920
1487 405 720
1488 2160 3840
1489 2160 3840
1490 2160 3840
1491 2160 3840
1492 405 720
1493 1080 1920
1494 2160 3840
1495 1080 1920
1496 2160 3840
1497 405 720
1498 2160 3840
1499 1080 1920
1500 405 720
1501 405 720
1502 1080 1920
1503 405 720
1504 2160 3840
1505 2160 3840
1506 2160 3840
1507 1080 1920
1508 405 720
1509 2160 3840
1510 405 720
1511 405 720
1512 405 720
1513 1080 1920
1514 405 720
1515 2160 3840
1516 1080 1920
1517 405 720
1518 405 720
1519 1080 1920
1520 2160 3840
1521 2160 3840
1522 2160 3840
1523 405 720
1524 405 720
1525 1080 1920
1526 405 720
1527 405 720
1528 405 720
1529 405 720
1530 405 720
1531 2160 3840
1532 405 720
1533 1080 1920
1534 1080 1920
1535 1080 1920
1536 405 720
1537 405 720
1538 405 720
1539 2160 3840
1540 2160 3840
1541 405 720
1542 405 720
1543 2160 3840
1544 405 720
1545 2160 3840
1546 405 720
1547 2160 3840
1548 2160 3840
1549 1080 1920
1550 2160 3840
1551 405 720
1552 405 720
1553 2160 3840
1554 405 720
1555 405 720
1556 2160 3840
1557 2160 3840
1558 1080 1920
1559 405 720
1560 2160 3840
1561 405 720
1562 405 720
1563 405 720
1564 405 720
1565 2160 3840
1566 2160 3840
1567 2160 3840
1568 1080 1920
1569 405 720
1570 405 720
1571 405 720
1572 2160 3840
1573 405 720
1574 2160 3840
1575 405 720
1576 1080 1920
1577 2160 3840
1578 2160 3840
1579 1080 1920
1580 405 720
1581 2160 3840
1582 405 720
1583 405 720
1584 405 720
1585 2160 3840
1586 405 720
1587 2160 3840
1588 405 720
1589 405 720
1590 1080 1920
1591 405 720
1592 405 720
1593 1080 1920
1594 1080 1920
1595 405 720
1596 405 720
1597 405 720
1598 2160 3840
1599 405 720
1600 405 720
1601 405 720
1602 2160 3840
1603 2160 3840
1604 405 720
1605 2160 3840
1606 405 720
1607 2160 3840
1608 1080 1920
1609 2160 3840
1610 2160 3840
1611 405 720
1612 405 720
1613 405 720
1614 405 720
1615 405 720
1616 2160 3840
1617 2160 3840
1618 405 720
1619 405 720
1620 2160 3840
1621 405 720
1622 405 720
1623 405 720
1624 1080 1920
1625 2160 3840
1626 2160 3840
1627 1080 1920
1628 2160 3840
1629 405 720
1630 2160 3840
1631 1080 1920
1632 1080 1920
1633 2160 3840
1634 405 720
1635 405 720
1636 405 720
1637 405 720
1638 1080 1920
1639 405 720
1640 2160 3840
1641 405 720
1642 405 720
1643 1080 1920
1644 2160 3840
1645 2160 3840
1646 405 720
1647 1080 1920
1648 405 720
1649 405 720
1650 405 720
1651 2160 3840
1652 405 720
1653 2160 3840
1654 405 720
1655 2160 3840
1656 405 720
1657 405 720
1658 405 720
1659 405 720
1660 2160 3840
1661 405 720
1662 1080 1920
1663 2160 3840
1664 405 720
1665 2160 3840
1666 1080 1920
1667 2160 3840
1668 2160 3840
1669 1080 1920
1670 1080 1920
1671 405 720
1672 405 720
1673 2160 3840
1674 2160 3840
1675 2160 3840
1676 405 720
1677 1080 1920
1678 405 720
1679 1080 1920
1680 405 720
1681 405 720
1682 1080 1920
1683 2160 3840
1684 2160 3840
1685 405 720
1686 405 720
1687 405 720
1688 405 720
1689 2160 3840
1690 405 720
1691 2160 3840
1692 1080 1920
1693 2160 3840
1694 405 720
1695 2160 3840
1696 2160 3840
1697 1080 1920
1698 405 720
1699 1080 1920
1700 405 720
1701 2160 3840
1702 1080 1920
1703 405 720
1704 2160 3840
1705 1080 1920
1706 405 720
1707 2160 3840
1708 405 720
1709 2160 3840
1710 405 720
1711 2160 3840
1712 405 720
1713 405 720
1714 1080 1920
1715 2160 3840
1716 1080 1920
1717 2160 3840
1718 405 720
1719 1080 1920
1720 1080 1920
1721 2160 3840
1722 2160 3840
1723 2160 3840
1724 405 720
1725 405 720
1726 405 720
1727 405 720
1728 405 720
1729 405 720
1730 405 720
1731 405 720
1732 2160 3840
1733 405 720
1734 405 720
1735 405 720
1736 1080 1920
1737 405 720
1738 1080 1920
1739 405 720
1740 2160 3840
1741 405 720
1742 1080 1920
1743 2160 3840
1744 480 586
1745 405 720
1746 405 720
1747 405 720
1748 405 720
1749 2160 3840
1750 2160 3840
1751 1080 1920
1752 405 720
1753 405 720
1754 2160 3840
1755 405 720
1756 1080 1920
1757 2160 3840
1758 1080 1920
1759 2160 3840
1760 405 720
1761 2160 3840
1762 480 586
1763 405 720
1764 2160 3840
1765 1080 1920
1766 1080 1920
1767 2160 3840
1768 2160 3840
1769 405 720
1770 405 720
1771 1080 1920
1772 405 720
1773 405 720
1774 405 720
1775 2160 3840
1776 1080 1920
1777 2160 3840
1778 1080 1920
1779 405 720
1780 2160 3840
1781 405 720
1782 405 720
1783 405 720
1784 1080 1920
1785 405 720
1786 1080 1920
1787 405 720
1788 405 720
1789 2160 3840
1790 405 720
1791 2160 3840
1792 405 720
1793 405 720
1794 405 720
1795 2160 3840
1796 1080 1920
1797 2160 3840
1798 405 720
1799 2160 3840
1800 405 720
1801 405 720
1802 2160 3840
1803 405 720
1804 405 720
1805 2160 3840
1806 405 720
1807 405 720
1808 2160 3840
1809 405 720
1810 405 720
1811 405 720
1812 405 720
1813 2160 3840
1814 405 720
1815 1080 1920
1816 405 720
1817 405 720
1818 2160 3840
1819 2160 3840
1820 405 720
1821 405 720
1822 1080 1920
1823 1080 1920
1824 2160 3840
1825 2160 3840
1826 405 720
1827 405 720
1828 405 720
1829 405 720
1830 2160 3840
1831 405 720
1832 405 720
1833 576 704
1834 405 720
1835 2160 3840
1836 405 720
1837 1080 1920
1838 405 720
1839 405 720
1840 1080 1920
1841 2160 3840
1842 2160 3840
1843 1080 1920
1844 2160 3840
1845 2160 3840
1846 405 720
1847 405 720
1848 2160 3840
1849 2160 3840
1850 405 720
1851 2160 3840
1852 1080 1920
1853 405 720
1854 405 720
1855 1080 1920
1856 2160 3840
1857 405 720
1858 405 720
1859 2160 3840
1860 405 720
1861 405 720
1862 1080 1920
1863 405 720
1864 2160 3840
1865 1080 1920
1866 405 720
1867 1080 1920
1868 1080 1920
1869 2160 3840
1870 2160 3840
1871 1080 1920
1872 405 720
1873 405 720
1874 2160 3840
1875 1080 1920
1876 1080 1920
1877 405 720
1878 2160 3840
1879 2160 3840
1880 2160 3840
1881 1080 1920
1882 405 720
1883 1080 1920
1884 405 720
1885 405 720
1886 2160 3840
1887 405 720
1888 405 720
1889 1080 1920
1890 2160 3840
1891 405 720
1892 405 720
1893 2160 3840
1894 405 720
1895 2160 3840
1896 2160 3840
1897 2160 3840
1898 2160 3840
1899 405 720
1900 480 586
1901 405 720
1902 1080 1920
1903 405 720
1904 2160 3840
1905 2160 3840
1906 2160 3840
1907 2160 3840
1908 405 720
1909 405 720
1910 2160 3840
1911 405 720
1912 405 720
1913 2160 3840
1914 405 720
1915 1080 1920
1916 405 720
1917 1080 1920
1918 405 720
1919 1080 1920
1920 1080 1920
1921 1080 1920
1922 405 720
1923 480 586
1924 2160 3840
1925 405 720
1926 405 720
1927 405 720
1928 405 720
1929 405 720
1930 405 720
1931 405 720
1932 405 720
1933 2160 3840
1934 1080 1920
1935 1080 1920
1936 2160 3840
1937 405 720
1938 405 720
1939 1080 1920
1940 2160 3840
1941 1080 1920
1942 405 720
1943 405 720
1944 1080 1920
1945 405 720
1946 2160 3840
1947 405 720
1948 2160 3840
1949 405 720
1950 2160 3840
1951 405 720
1952 1080 1920
1953 405 720
1954 2160 3840
1955 1080 1920
1956 2160 3840
1957 2160 3840
1958 405 720
1959 405 720
1960 2160 3840
1961 1080 1920
1962 1080 1920
1963 2160 3840
1964 2160 3840
1965 405 720
1966 405 720
1967 1080 1920
1968 2160 3840
1969 405 720
1970 405 720
1971 405 720
1972 405 720
1973 480 586
1974 1080 1920
1975 1080 1920
1976 2160 3840
1977 1080 1920
1978 405 720
1979 1080 1920
1980 2160 3840
1981 1080 1920
1982 405 720
1983 405 720
1984 405 720
1985 405 720
1986 405 720
1987 1080 1920
1988 2160 3840
1989 405 720
1990 2160 3840
1991 405 720
1992 405 720
1993 2160 3840
1994 2160 3840
1995 405 720
1996 405 720
1997 405 720
1998 405 720
1999 1080 1920
2000 405 720
2001 2160 3840
2002 2160 3840
2003 405 720
2004 405 720
2005 405 720
2006 2160 3840
2007 1080 1920
2008 1080 1920
2009 405 720
2010 2160 3840
2011 1080 1920
2012 1080 1920
2013 405 720
2014 2160 3840
2015 405 720
2016 405 720
2017 2160 3840
2018 405 720
2019 405 720
2020 405 720
2021 1080 1920
2022 405 720
2023 405 720
2024 405 720
2025 405 720
2026 2160 3840
2027 405 720
2028 1080 1920
2029 405 720
2030 405 720
2031 405 720
2032 405 720
2033 405 720
2034 405 720
2035 1080 1920
2036 2160 3840
2037 2160 3840
2038 1080 1920
2039 1080 1920
2040 405 720
2041 405 720
2042 405 720
2043 2160 3840
2044 2160 3840
2045 405 720
2046 2160 3840
2047 405 720
2048 405 720
2049 405 720
2050 405 720
2051 2160 3840
2052 2160 3840
2053 1080 1920
2054 2160 3840
2055 480 586
2056 2160 3840
2057 1080 1920
2058 405 720
2059 2160 3840
2060 1080 1920
2061 2160 3840
2062 405 720
2063 405 720
2064 1080 1920
2065 2160 3840
2066 405 720
2067 1080 1920
2068 2160 3840
2069 405 720
2070 2160 3840
2071 405 720
2072 405 720
2073 1080 1920
2074 405 720
2075 2160 3840
2076 2160 3840
2077 405 720
2078 405 720
2079 2160 3840
2080 405 720
2081 2160 3840
2082 405 720
2083 1080 1920
2084 2160 3840
2085 405 720
2086 2160 3840
2087 480 586
2088 2160 3840
2089 2160 3840
2090 405 720
2091 1080 1920
2092 2160 3840
2093 405 720
2094 405 720
2095 405 720
2096 405 720
2097 405 720
2098 2160 3840
2099 405 720
2100 1080 1920
2101 2160 3840
2102 1080 1920
2103 2160 3840
2104 2160 3840
2105 1080 1920
2106 405 720
2107 405 720
2108 1080 1920
2109 1080 1920
2110 2160 3840
2111 2160 3840
2112 1080 1920
2113 2160 3840
2114 405 720
2115 1080 1920
2116 405 720
2117 1080 1920
2118 2160 3840
2119 405 720
2120 2160 3840
2121 405 720
2122 405 720
2123 405 720
2124 1080 1920
2125 2160 3840
2126 405 720
2127 2160 3840
2128 405 720
2129 405 720
2130 2160 3840
2131 480 586
2132 405 720
2133 405 720
2134 2160 3840
2135 405 720
2136 405 720
2137 405 720
2138 405 720
2139 2160 3840
2140 1080 1920
2141 1080 1920
2142 1080 1920
2143 405 720
2144 2160 3840
2145 405 720
2146 405 720
2147 405 720
2148 405 720
2149 2160 3840
2150 405 720
2151 405 720
2152 405 720
2153 2160 3840
2154 1080 1920
2155 405 720
2156 405 720
2157 1080 1920
2158 1080 1920
2159 2160 3840
2160 405 720
2161 2160 3840
2162 2160 3840
2163 2160 3840
2164 2160 3840
2165 405 720
2166 1080 1920
2167 405 720
2168 1080 1920
2169 2160 3840
2170 1080 1920
2171 1080 1920
2172 1080 1920
2173 2160 3840
2174 2160 3840
2175 2160 3840
2176 2160 3840
2177 2160 3840
2178 405 720
2179 2160 3840
2180 405 720
2181 405 720
2182 2160 3840
2183 1080 1920
2184 1080 1920
2185 2160 3840
2186 1080 1920
2187 2160 3840
2188 2160 3840
2189 405 720
2190 2160 3840
2191 2160 3840
2192 2160 3840
2193 405 720
2194 405 720
2195 405 720
2196 405 720
2197 405 720
2198 405 720
2199 2160 3840
2200 576 704
2201 1080 1920
2202 2160 3840
2203 2160 3840
2204 2160 3840
2205 405 720
2206 2160 3840
2207 405 720
2208 2160 3840
2209 405 720
2210 1080 1920
2211 2160 3840
2212 2160 3840
2213 2160 3840
2214 1080 1920
2215 1080 1920
2216 1080 1920
2217 405 720
2218 405 720
2219 405 720
2220 2160 3840
2221 2160 3840
2222 2160 3840
2223 405 720
2224 1080 1920
2225 405 720
2226 405 720
2227 2160 3840
2228 405 720
2229 2160 3840
2230 1080 1920
2231 405 720
2232 405 720
2233 405 720
2234 405 720
2235 405 720
2236 2160 3840
2237 405 720
2238 2160 3840
2239 405 720
2240 405 720
2241 405 720
2242 405 720
2243 405 720
2244 405 720
2245 405 720
2246 1080 1920
2247 405 720
2248 1080 1920
2249 480 586
2250 1080 1920
2251 2160 3840
2252 1080 1920
2253 405 720
2254 405 720
2255 2160 3840
2256 1080 1920
2257 405 720
2258 2160 3840
2259 2160 3840
2260 405 720
2261 405 720
2262 405 720
2263 2160 3840
2264 405 720
2265 405 720
2266 405 720
2267 405 720
2268 1080 1920
2269 405 720
2270 2160 3840
2271 405 720
2272 2160 3840
2273 2160 3840
2274 2160 3840
2275 2160 3840
2276 2160 3840
2277 2160 3840
2278 405 720
2279 405 720
2280 1080 1920
2281 1080 1920
2282 1080 1920
2283 1080 1920
2284 1080 1920
2285 1080 1920
2286 1080 1920
2287 405 720
2288 1080 1920
2289 405 720
2290 405 720
2291 2160 3840
2292 1080 1920
2293 576 704
2294 2160 3840
2295 1080 1920
2296 405 720
2297 1080 1920
2298 405 720
2299 2160 3840
2300 405 720
2301 405 720
2302 2160 3840
2303 2160 3840
2304 405 720
2305 405 720
2306 2160 3840
2307 405 720
2308 405 720
2309 405 720
2310 2160 3840
2311 1080 1920
2312 2160 3840
2313 405 720
2314 405 720
2315 405 720
2316 2160 3840
2317 405 720
2318 405 720
2319 2160 3840
2320 2160 3840
2321 405 720
2322 405 720
2323 2160 3840
2324 405 720
2325 405 720
2326 405 720
2327 2160 3840
2328 405 720
2329 405 720
2330 405 720
2331 405 720
2332 2160 3840
2333 405 720
2334 405 720
2335 405 720
2336 2160 3840
2337 405 720
2338 405 720
2339 405 720
2340 2160 3840
2341 405 720
2342 405 720
2343 1080 1920
2344 405 720
2345 405 720
2346 2160 3840
2347 405 720
2348 576 704
2349 1080 1920
2350 2160 3840
2351 2160 3840
2352 2160 3840
2353 1080 1920
2354 1080 1920
2355 1080 1920
2356 405 720
2357 2160 3840
2358 1080 1920
2359 405 720
2360 405 720
2361 405 720
2362 405 720
2363 2160 3840
2364 2160 3840
2365 2160 3840
2366 405 720
2367 2160 3840
2368 405 720
2369 405 720
2370 2160 3840
2371 2160 3840
2372 405 720
2373 2160 3840
2374 2160 3840
2375 2160 3840
2376 405 720
2377 1080 1920
2378 405 720
2379 405 720
2380 405 720
2381 405 720
2382 2160 3840
2383 405 720
2384 405 720
2385 405 720
2386 1080 1920
2387 2160 3840
2388 405 720
2389 405 720
2390 1080 1920
2391 405 720
2392 2160 3840
2393 405 720
2394 405 720
2395 2160 3840
2396 405 720
2397 405 720
2398 1080 1920
2399 2160 3840
2400 2160 3840
2401 2160 3840
2402 1080 1920
2403 405 720
2404 405 720
2405 405 720
2406 2160 3840
2407 405 720
2408 2160 3840
2409 1080 1920
2410 405 720
2411 2160 3840
2412 2160 3840
2413 2160 3840
2414 2160 3840
2415 405 720
2416 2160 3840
2417 405 720
2418 405 720
2419 2160 3840
2420 405 720
2421 2160 3840
2422 2160 3840
2423 1080 1920
2424 1080 1920
2425 2160 3840
2426 2160 3840
2427 405 720
2428 405 720
2429 2160 3840
2430 405 720
2431 2160 3840
2432 405 720
2433 1080 1920
2434 2160 3840
2435 405 720
2436 405 720
2437 405 720
2438 405 720
2439 1080 1920
2440 2160 3840
2441 405 720
2442 2160 3840
2443 1080 1920
2444 405 720
2445 405 720
2446 405 720
2447 1080 1920
2448 405 720
2449 1080 1920
2450 1080 1920
2451 1080 1920
2452 1080 1920
2453 1080 1920
2454 405 720
2455 405 720
2456 2160 3840
2457 405 720
2458 2160 3840
2459 405 720
2460 2160 3840
2461 405 720
2462 405 720
2463 1080 1920
2464 2160 3840
2465 2160 3840
2466 405 720
2467 1080 1920
2468 2160 3840
2469 1080 1920
2470 1080 1920
2471 405 720
2472 405 720
2473 1080 1920
2474 405 720
2475 2160 3840
2476 576 704
2477 1080 1920
2478 1080 1920
2479 2160 3840
2480 405 720
2481 1080 1920
2482 2160 3840
2483 405 720
2484 2160 3840
2485 2160 3840
2486 405 720
2487 405 720
2488 405 720
2489 405 720
2490 2160 3840
2491 2160 3840
2492 405 720
2493 576 704
2494 2160 3840
2495 2160 3840
2496 405 720
2497 405 720
2498 1080 1920
2499 2160 3840
2500 1080 1920
2501 405 720
2502 405 720
2503 405 720
2504 1080 1920
2505 405 720
2506 2160 3840
2507 2160 3840
2508 405 720
2509 405 720
2510 405 720
2511 2160 3840
2512 2160 3840
2513 405 720
2514 2160 3840
2515 405 720
2516 2160 3840
2517 405 720
2518 405 720
2519 405 720
2520 405 720
2521 576 704
2522 2160 3840
2523 405 720
2524 405 720
2525 405 720
2526 1080 1920
2527 405 720
2528 405 720
2529 405 720
2530 2160 3840
2531 405 720
2532 2160 3840
2533 405 720
2534 2160 3840
2535 1080 1920
2536 2160 3840
2537 1080 1920
2538 405 720
2539 405 720
2540 405 720
2541 405 720
2542 1080 1920
2543 1080 1920
2544 2160 3840
2545 405 720
2546 1080 1920
2547 405 720
2548 405 720
2549 405 720
2550 405 720
2551 2160 3840
2552 405 720
2553 2160 3840
2554 2160 3840
2555 2160 3840
2556 405 720
2557 405 720
2558 405 720
2559 2160 3840
2560 405 720
2561 405 720
2562 405 720
2563 2160 3840
2564 2160 3840
2565 2160 3840
2566 2160 3840
2567 2160 3840
2568 1080 1920
2569 1080 1920
2570 405 720
2571 1080 1920
2572 2160 3840
2573 2160 3840
2574 405 720
2575 405 720
2576 405 720
2577 2160 3840
2578 405 720
2579 405 720
2580 2160 3840
2581 405 720
2582 405 720
2583 405 720
2584 405 720
2585 1080 1920
2586 1080 1920
2587 405 720
2588 405 720
2589 2160 3840
2590 405 720
2591 405 720
2592 2160 3840
2593 2160 3840
2594 2160 3840
2595 405 720
2596 2160 3840
2597 1080 1920
2598 2160 3840
2599 2160 3840
2600 405 720
2601 405 720
2602 405 720
2603 405 720
2604 1080 1920
2605 2160 3840
2606 405 720
2607 2160 3840
2608 405 720
2609 2160 3840
2610 2160 3840
2611 2160 3840
2612 1080 1920
2613 2160 3840
2614 2160 3840
2615 1080 1920
2616 2160 3840
2617 1080 1920
2618 2160 3840
2619 1080 1920
2620 405 720
2621 1080 1920
2622 405 720
2623 405 720
2624 2160 3840
2625 405 720
2626 2160 3840
2627 1080 1920
2628 405 720
2629 405 720
2630 405 720
2631 405 720
2632 405 720
2633 2160 3840
2634 1080 1920
2635 405 720
2636 405 720
2637 405 720
2638 2160 3840
2639 405 720
2640 2160 3840
2641 1080 1920
2642 405 720
2643 405 720
2644 405 720
2645 2160 3840
2646 405 720
2647 405 720
2648 405 720
2649 1080 1920
2650 405 720
2651 405 720
2652 405 720
2653 405 720
2654 405 720
2655 2160 3840
2656 1080 1920
2657 2160 3840
2658 1080 1920
2659 405 720
2660 2160 3840
2661 405 720
2662 1080 1920
2663 2160 3840
2664 2160 3840
2665 405 720
2666 405 720
2667 2160 3840
2668 405 720
2669 405 720
2670 1080 1920
2671 1080 1920
2672 405 720
2673 2160 3840
2674 405 720
2675 1080 1920
2676 405 720
2677 2160 3840
2678 2160 3840
2679 405 720
2680 405 720
2681 2160 3840
2682 405 720
2683 405 720
2684 2160 3840
2685 1080 1920
2686 405 720
2687 2160 3840
2688 405 720
2689 405 720
2690 405 720
2691 405 720
2692 405 720
2693 405 720
2694 405 720
2695 405 720
2696 405 720
2697 1080 1920
2698 405 720
2699 2160 3840
2700 1080 1920
2701 405 720
2702 1080 1920
2703 1080 1920
2704 405 720
2705 2160 3840
2706 2160 3840
2707 405 720
2708 405 720
2709 2160 3840
2710 405 720
2711 2160 3840
2712 405 720
2713 405 720
2714 2160 3840
2715 2160 3840
2716 1080 1920
2717 405 720
2718 405 720
2719 405 720
2720 405 720
2721 1080 1920
2722 405 720
2723 405 720
2724 2160 3840
2725 2160 3840
2726 405 720
2727 405 720
2728 405 720
2729 405 720
2730 2160 3840
2731 1080 1920
2732 1080 1920
2733 405 720
2734 405 720
2735 1080 1920
2736 405 720
2737 405 720
2738 2160 3840
2739 1080 1920
2740 405 720
2741 405 720
2742 2160 3840
2743 576 704
2744 2160 3840
2745 1080 1920
2746 2160 3840
2747 405 720
2748 405 720
2749 2160 3840
2750 2160 3840
2751 2160 3840
2752 1080 1920
2753 2160 3840
2754 1080 1920
2755 2160 3840
2756 405 720
2757 1080 1920
2758 2160 3840
2759 2160 3840
2760 405 720
2761 405 720
2762 405 720
2763 2160 3840
2764 405 720
2765 2160 3840
2766 2160 3840
2767 405 720
2768 405 720
2769 405 720
2770 1080 1920
2771 405 720
2772 2160 3840
2773 405 720
2774 2160 3840
2775 1080 1920
2776 405 720
2777 405 720
2778 2160 3840
2779 2160 3840
2780 405 720
2781 405 720
2782 1080 1920
2783 2160 3840
2784 405 720
2785 405 720
2786 405 720
2787 405 720
2788 405 720
2789 405 720
2790 1080 1920
2791 405 720
2792 2160 3840
2793 1080 1920
2794 405 720
2795 405 720
2796 2160 3840
2797 2160 3840
2798 1080 1920
2799 2160 3840
2800 405 720
2801 405 720
2802 405 720
2803 1080 1920
2804 1080 1920
2805 2160 3840
2806 405 720
2807 405 720
2808 2160 3840
2809 2160 3840
2810 2160 3840
2811 2160 3840
2812 405 720
2813 2160 3840
2814 405 720
2815 2160 3840
2816 405 720
2817 2160 3840
2818 2160 3840
2819 1080 1920
2820 2160 3840
2821 1080 1920
2822 405 720
2823 405 720
2824 405 720
2825 405 720
2826 405 720
2827 405 720
2828 405 720
2829 1080 1920
2830 405 720
2831 1080 1920
2832 405 720
2833 1080 1920
2834 2160 3840
2835 2160 3840
2836 405 720
2837 2160 3840
2838 1080 1920
2839 1080 1920
2840 2160 3840
2841 2160 3840
2842 405 720
2843 405 720
2844 1080 1920
2845 405 720
2846 405 720
2847 1080 1920
2848 1080 1920
2849 405 720
2850 1080 1920
2851 1080 1920
2852 2160 3840
2853 405 720
2854 405 720
2855 405 720
2856 405 720
2857 1080 1920
2858 405 720
2859 405 720
2860 2160 3840
2861 405 720
2862 2160 3840
2863 480 586
2864 2160 3840
2865 1080 1920
2866 405 720
2867 405 720
2868 2160 3840
2869 405 720
2870 2160 3840
2871 2160 3840
2872 405 720
2873 2160 3840
2874 405 720
2875 2160 3840
2876 2160 3840
2877 2160 3840
2878 405 720
2879 2160 3840
2880 405 720
2881 1080 1920
2882 405 720
2883 405 720
2884 405 720
2885 1080 1920
2886 2160 3840
2887 2160 3840
2888 2160 3840
2889 405 720
2890 2160 3840
2891 1080 1920
2892 405 720
2893 1080 1920
2894 405 720
2895 405 720
2896 1080 1920
2897 1080 1920
2898 2160 3840
2899 405 720
2900 405 720
2901 2160 3840
2902 2160 3840
2903 2160 3840
2904 405 720
2905 2160 3840
2906 1080 1920
2907 2160 3840
2908 405 720
2909 1080 1920
2910 405 720
2911 405 720
2912 2160 3840
2913 405 720
2914 576 704
2915 405 720
2916 1080 1920
2917 2160 3840
2918 2160 3840
2919 405 720
2920 405 720
2921 405 720
2922 1080 1920
2923 2160 3840
2924 405 720
2925 2160 3840
2926 2160 3840
2927 405 720
2928 1080 1920
2929 1080 1920
2930 405 720
2931 405 720
2932 405 720
2933 2160 3840
2934 405 720
2935 405 720
2936 405 720
2937 2160 3840
2938 405 720
2939 1080 1920
2940 405 720
2941 405 720
2942 2160 3840
2943 2160 3840
2944 1080 1920
2945 405 720
2946 2160 3840
2947 2160 3840
2948 405 720
2949 405 720
2950 1080 1920
2951 2160 3840
2952 405 720
2953 1080 1920
2954 405 720
2955 2160 3840
2956 405 720
2957 405 720
2958 2160 3840
2959 405 720
2960 405 720
2961 2160 3840
2962 405 720
2963 2160 3840
2964 405 720
2965 2160 3840
2966 2160 3840
2967 2160 3840
2968 405 720
2969 405 720
2970 2160 3840
2971 405 720
2972 405 720
2973 405 720
2974 2160 3840
2975 2160 3840
2976 405 720
2977 405 720
2978 405 720
2979 2160 3840
2980 2160 3840
2981 1080 1920
2982 2160 3840
2983 1080 1920
2984 2160 3840
2985 1080 1920
2986 405 720
2987 2160 3840
2988 405 720
2989 405 720
2990 405 720
2991 405 720
2992 405 720
2993 2160 3840
2994 405 720
2995 405 720
2996 1080 1920
2997 2160 3840
2998 2160 3840
2999 405 720
3000 405 720
3001 405 720
3002 405 720
3003 1080 1920
3004 405 720
3005 405 720
3006 2160 3840
3007 1080 1920
3008 2160 3840
3009 2160 3840
3010 405 720
3011 405 720
3012 405 720
3013 405 720
3014 2160 3840
3015 405 720
3016 2160 3840
3017 405 720
3018 405 720
3019 405 720
3020 405 720
3021 2160 3840
3022 2160 3840
3023 2160 3840
3024 2160 3840
3025 405 720
3026 2160 3840
3027 405 720
3028 1080 1920
3029 2160 3840
3030 2160 3840
3031 2160 3840
3032 405 720
3033 405 720
3034 2160 3840
3035 405 720
3036 2160 3840
3037 2160 3840
3038 405 720
3039 405 720
3040 2160 3840
3041 2160 3840
3042 405 720
3043 405 720
3044 405 720
3045 2160 3840
3046 2160 3840
3047 405 720
3048 2160 3840
3049 480 586
3050 405 720
3051 405 720
3052 2160 3840
3053 405 720
3054 2160 3840
3055 2160 3840
3056 1080 1920
3057 405 720
3058 405 720
3059 405 720
3060 405 720
3061 1080 1920
3062 405 720
3063 405 720
3064 405 720
3065 405 720
3066 1080 1920
3067 2160 3840
3068 405 720
3069 405 720
3070 405 720
3071 2160 3840
3072 405 720
3073 2160 3840
3074 405 720
3075 2160 3840
3076 405 720
3077 2160 3840
3078 2160 3840
3079 2160 3840
3080 405 720
3081 2160 3840
3082 2160 3840
3083 405 720
3084 2160 3840
3085 2160 3840
3086 405 720
3087 2160 3840
3088 2160 3840
3089 405 720
3090 405 720
3091 405 720
3092 2160 3840
3093 405 720
3094 405 720
3095 405 720
3096 405 720
3097 1080 1920
3098 405 720
3099 405 720
3100 405 720
3101 2160 3840
3102 405 720
3103 405 720
3104 405 720
3105 2160 3840
3106 2160 3840
3107 405 720
3108 405 720
3109 405 720
3110 1080 1920
3111 1080 1920
3112 405 720
3113 405 720
3114 405 720
3115 1080 1920
3116 2160 3840
3117 405 720
3118 405 720
3119 2160 3840
3120 405 720
3121 405 720
3122 405 720
3123 405 720
3124 2160 3840
3125 1080 1920
3126 405 720
3127 1080 1920
3128 405 720
3129 405 720
3130 405 720
3131 1080 1920
3132 405 720
3133 405 720
3134 2160 3840
3135 405 720
3136 405 720
3137 405 720
3138 2160 3840
3139 405 720
3140 2160 3840
3141 405 720
3142 2160 3840
3143 2160 3840
3144 405 720
3145 405 720
3146 405 720
3147 2160 3840
3148 405 720
3149 405 720
3150 2160 3840
3151 405 720
3152 1080 1920
3153 405 720
3154 1080 1920
3155 2160 3840
3156 405 720
3157 1080 1920
3158 2160 3840
3159 2160 3840
3160 405 720
3161 2160 3840
3162 405 720
3163 405 720
3164 405 720
3165 2160 3840
3166 2160 3840
3167 2160 3840
3168 405 720
3169 2160 3840
3170 405 720
3171 405 720
3172 1080 1920
3173 2160 3840
3174 405 720
3175 2160 3840
3176 2160 3840
3177 405 720
3178 2160 3840
3179 1080 1920
3180 405 720
3181 405 720
3182 2160 3840
3183 1080 1920
3184 405 720
3185 405 720
3186 1080 1920
3187 1080 1920
3188 2160 3840
3189 1080 1920
3190 405 720
3191 2160 3840
3192 405 720
3193 405 720
3194 1080 1920
3195 405 720
3196 405 720
3197 2160 3840
3198 576 704
3199 405 720
3200 405 720
3201 405 720
3202 405 720
3203 2160 3840
3204 405 720
3205 1080 1920
3206 405 720
3207 2160 3840
3208 2160 3840
3209 1080 1920
3210 2160 3840
3211 576 704
3212 2160 3840
3213 405 720
3214 2160 3840
3215 1080 1920
3216 2160 3840
3217 405 720
3218 405 720
3219 2160 3840
3220 405 720
3221 1080 1920
3222 2160 3840
3223 480 586
3224 2160 3840
3225 405 720
3226 405 720
3227 405 720
3228 405 720
3229 2160 3840
3230 405 720
3231 405 720
3232 2160 3840
3233 405 720
3234 1080 1920
3235 2160 3840
3236 2160 3840
3237 405 720
3238 2160 3840
3239 2160 3840
3240 405 720
3241 2160 3840
3242 405 720
3243 405 720
3244 405 720
3245 405 720
3246 1080 1920
3247 405 720
3248 405 720
3249 405 720
3250 405 720
3251 2160 3840
3252 1080 1920
3253 2160 3840
3254 2160 3840
3255 405 720
3256 1080 1920
3257 2160 3840
3258 1080 1920
3259 2160 3840
3260 405 720
3261 405 720
3262 2160 3840
3263 405 720
3264 1080 1920
3265 2160 3840
3266 1080 1920
3267 405 720
3268 405 720
3269 405 720
3270 2160 3840
3271 405 720
3272 2160 3840
3273 405 720
3274 1080 1920
3275 2160 3840
3276 405 720
3277 2160 3840
3278 1080 1920
3279 2160 3840
3280 405 720
3281 2160 3840
3282 2160 3840
3283 405 720
3284 405 720
3285 2160 3840
3286 405 720
3287 405 720
3288 2160 3840
3289 405 720
3290 405 720
3291 405 720
3292 2160 3840
3293 405 720
3294 2160 3840
3295 1080 1920
3296 405 720
3297 405 720
3298 405 720
3299 2160 3840
3300 405 720
3301 1080 1920
3302 405 720
3303 405 720
3304 1080 1920
3305 405 720
3306 405 720
3307 2160 3840
3308 405 720
3309 1080 1920
3310 2160 3840
3311 405 720
3312 1080 1920
3313 1080 1920
3314 405 720
3315 2160 3840
3316 2160 3840
3317 405 720
3318 405 720
3319 1080 1920
3320 1080 1920
3321 2160 3840
3322 405 720
3323 2160 3840
3324 2160 3840
3325 2160 3840
3326 405 720
3327 2160 3840
3328 1080 1920
3329 405 720
3330 405 720
3331 405 720
3332 405 720
3333 2160 3840
3334 405 720
3335 2160 3840
3336 2160 3840
3337 405 720
3338 2160 3840
3339 405 720
3340 480 586
3341 2160 3840
3342 2160 3840
3343 1080 1920
3344 405 720
3345 405 720
3346 2160 3840
3347 2160 3840
3348 405 720
3349 405 720
3350 2160 3840
3351 2160 3840
3352 405 720
3353 1080 1920
3354 2160 3840
3355 405 720
3356 2160 3840
3357 1080 1920
3358 2160 3840
3359 405 720
3360 405 720
3361 405 720
3362 405 720
3363 405 720
3364 405 720
3365 2160 3840
3366 1080 1920
3367 405 720
3368 405 720
3369 1080 1920
3370 2160 3840
3371 405 720
3372 405 720
3373 405 720
3374 1080 1920
3375 1080 1920
3376 405 720
3377 405 720
3378 405 720
3379 1080 1920
3380 405 720
3381 2160 3840
3382 405 720
3383 2160 3840
3384 405 720
3385 2160 3840
3386 1080 1920
3387 405 720
3388 405 720
3389 405 720
3390 1080 1920
3391 405 720
3392 405 720
3393 405 720
3394 1080 1920
3395 405 720
3396 2160 3840
3397 405 720
3398 2160 3840
3399 405 720
3400 405 720
3401 2160 3840
3402 2160 3840
3403 1080 1920
3404 405 720
3405 405 720
3406 1080 1920
3407 1080 1920
3408 1080 1920
3409 2160 3840
3410 405 720
3411 2160 3840
3412 405 720
3413 2160 3840
3414 2160 3840
3415 1080 1920
3416 405 720
3417 2160 3840
3418 2160 3840
3419 405 720
3420 1080 1920
3421 2160 3840
3422 2160 3840
3423 1080 1920
3424 405 720
3425 1080 1920
3426 405 720
3427 405 720
3428 2160 3840
3429 405 720
3430 1080 1920
3431 405 720
3432 405 720
3433 405 720
3434 1080 1920
3435 1080 1920
3436 2160 3840
3437 2160 3840
3438 405 720
3439 2160 3840
3440 405 720
3441 405 720
3442 405 720
3443 2160 3840
3444 405 720
3445 405 720
3446 2160 3840
3447 405 720
3448 2160 3840
3449 405 720
3450 405 720
3451 405 720
3452 405 720
3453 405 720
3454 405 720
3455 405 720
3456 405 720
3457 576 704
3458 405 720
3459 405 720
3460 1080 1920
3461 405 720
3462 405 720
3463 405 720
3464 405 720
3465 405 720
3466 405 720
3467 2160 3840
3468 405 720
3469 405 720
3470 405 720
3471 2160 3840
3472 1080 1920
3473 2160 3840
3474 405 720
3475 2160 3840
3476 405 720
3477 405 720
3478 405 720
3479 1080 1920
3480 405 720
3481 2160 3840
3482 405 720
3483 2160 3840
3484 2160 3840
3485 405 720
3486 1080 1920
3487 1080 1920
3488 405 720
3489 405 720
3490 2160 3840
3491 2160 3840
3492 405 720
3493 1080 1920
3494 1080 1920
3495 2160 3840
3496 2160 3840
3497 405 720
3498 405 720
3499 1080 1920
3500 405 720
3501 405 720
3502 405 720
3503 405 720
3504 1080 1920
3505 405 720
3506 405 720
3507 405 720
3508 2160 3840
3509 2160 3840
3510 405 720
3511 1080 1920
3512 1080 1920
3513 1080 1920
3514 2160 3840
3515 2160 3840
3516 1080 1920
3517 405 720
3518 1080 1920
3519 2160 3840
3520 405 720
3521 405 720
3522 405 720
3523 2160 3840
3524 405 720
3525 405 720
3526 2160 3840
3527 1080 1920
3528 405 720
3529 2160 3840
3530 405 720
3531 2160 3840
3532 2160 3840
3533 405 720
3534 405 720
3535 1080 1920
3536 405 720
3537 405 720
3538 405 720
3539 405 720
3540 1080 1920
3541 1080 1920
3542 405 720
3543 1080 1920
3544 2160 3840
3545 405 720
3546 2160 3840
3547 405 720
3548 2160 3840
3549 1080 1920
3550 405 720
3551 405 720
3552 2160 3840
3553 2160 3840
3554 1080 1920
3555 1080 1920
3556 2160 3840
3557 2160 3840
3558 405 720
3559 1080 1920
3560 1080 1920
3561 1080 1920
3562 405 720
3563 2160 3840
3564 2160 3840
3565 2160 3840
3566 405 720
3567 405 720
3568 2160 3840
3569 1080 1920
3570 2160 3840
3571 2160 3840
3572 405 720
3573 2160 3840
3574 2160 3840
3575 405 720
3576 405 720
3577 405 720
3578 405 720
3579 405 720
3580 2160 3840
3581 2160 3840
3582 405 720
3583 2160 3840
3584 1080 1920
3585 2160 3840
3586 405 720
3587 405 720
3588 480 586
3589 405 720
3590 405 720
3591 2160 3840
3592 405 720
3593 405 720
3594 405 720
3595 2160 3840
3596 405 720
3597 405 720
3598 2160 3840
3599 405 720
3600 2160 3840
3601 2160 3840
3602 405 720
3603 405 720
3604 405 720
3605 2160 3840
3606 1080 1920
3607 480 586
3608 1080 1920
3609 405 720
3610 405 720
3611 405 720
3612 405 720
3613 2160 3840
3614 1080 1920
3615 1080 1920
3616 405 720
3617 405 720
3618 2160 3840
3619 405 720
3620 2160 3840
3621 1080 1920
3622 2160 3840
3623 2160 3840
3624 405 720
3625 405 720
3626 405 720
3627 405 720
3628 2160 3840
3629 405 720
3630 405 720
3631 1080 1920
3632 405 720
3633 405 720
3634 2160 3840
3635 2160 3840
3636 2160 3840
3637 2160 3840
3638 2160 3840
3639 405 720
3640 405 720
3641 405 720
3642 405 720
3643 405 720
3644 405 720
3645 2160 3840
3646 405 720
3647 2160 3840
3648 1080 1920
3649 405 720
3650 2160 3840
3651 405 720
3652 405 720
3653 2160 3840
3654 2160 3840
3655 2160 3840
3656 2160 3840
3657 405 720
3658 2160 3840
3659 2160 3840
3660 2160 3840
3661 1080 1920
3662 2160 3840
3663 405 720
3664 1080 1920
3665 2160 3840
3666 2160 3840
3667 405 720
3668 2160 3840
3669 1080 1920
3670 405 720
3671 1080 1920
3672 2160 3840
3673 2160 3840
3674 2160 3840
3675 2160 3840
3676 405 720
3677 2160 3840
3678 1080 1920
3679 405 720
3680 405 720
3681 405 720
3682 2160 3840
3683 405 720
3684 405 720
3685 405 720
3686 2160 3840
3687 405 720
3688 2160 3840
3689 405 720
3690 1080 1920
3691 2160 3840
3692 2160 3840
3693 2160 3840
3694 405 720
3695 405 720
3696 2160 3840
3697 1080 1920
3698 1080 1920
3699 405 720
3700 405 720
3701 1080 1920
3702 405 720
3703 405 720
3704 2160 3840
3705 405 720
3706 2160 3840
3707 2160 3840
3708 405 720
3709 2160 3840
3710 2160 3840
3711 1080 1920
3712 2160 3840
3713 405 720
3714 405 720
3715 405 720
3716 2160 3840
3717 2160 3840
3718 2160 3840
3719 1080 1920
3720 2160 3840
3721 480 586
3722 2160 3840
3723 2160 3840
3724 2160 3840
3725 405 720
3726 405 720
3727 1080 1920
3728 2160 3840
3729 2160 3840
3730 2160 3840
3731 2160 3840
3732 405 720
3733 405 720
3734 2160 3840
3735 405 720
3736 405 720
3737 405 720
3738 1080 1920
3739 2160 3840
3740 2160 3840
3741 2160 3840
3742 2160 3840
3743 2160 3840
3744 405 720
3745 1080 1920
3746 405 720
3747 1080 1920
3748 405 720
3749 2160 3840
3750 1080 1920
3751 405 720
3752 405 720
3753 1080 1920
3754 2160 3840
3755 2160 3840
3756 405 720
3757 405 720
3758 1080 1920
3759 405 720
3760 2160 3840
3761 405 720
3762 405 720
3763 405 720
3764 405 720
3765 2160 3840
3766 405 720
3767 405 720
3768 405 720
3769 2160 3840
3770 2160 3840
3771 405 720
3772 405 720
3773 1080 1920
3774 2160 3840
3775 2160 3840
3776 1080 1920
3777 2160 3840
3778 405 720
3779 405 720
3780 405 720
3781 405 720
3782 405 720
3783 2160 3840
3784 1080 1920
3785 2160 3840
3786 405 720
3787 405 720
3788 405 720
3789 405 720
3790 2160 3840
3791 405 720
3792 1080 1920
3793 405 720
3794 405 720
3795 405 720
3796 405 720
3797 2160 3840
3798 405 720
3799 2160 3840
3800 1080 1920
3801 2160 3840
3802 2160 3840
3803 405 720
3804 2160 3840
3805 405 720
3806 405 720
3807 405 720
3808 405 720
3809 2160 3840
3810 1080 1920
3811 2160 3840
3812 405 720
3813 405 720
3814 405 720
3815 2160 3840
3816 2160 3840
3817 1080 1920
3818 405 720
3819 405 720
3820 405 720
3821 2160 3840
3822 480 586
3823 405 720
3824 2160 3840
3825 2160 3840
3826 1080 1920
3827 1080 1920
3828 405 720
3829 405 720
3830 405 720
3831 2160 3840
3832 2160 3840
3833 405 720
3834 405 720
3835 405 720
3836 576 704
3837 405 720
3838 2160 3840
3839 2160 3840
3840 2160 3840
3841 405 720
3842 2160 3840
3843 2160 3840
3844 1080 1920
3845 2160 3840
3846 405 720
3847 2160 3840
3848 405 720
3849 2160 3840
3850 2160 3840
3851 1080 1920
3852 405 720
3853 1080 1920
3854 1080 1920
3855 1080 1920
3856 2160 3840
3857 405 720
3858 2160 3840
3859 2160 3840
3860 2160 3840
3861 2160 3840
3862 2160 3840
3863 2160 3840
3864 405 720
3865 405 720
3866 2160 3840
3867 2160 3840
3868 405 720
3869 405 720
3870 405 720
3871 405 720
3872 405 720
3873 405 720
3874 405 720
3875 405 720
3876 405 720
3877 405 720
3878 1080 1920
3879 1080 1920
3880 405 720
3881 405 720
3882 405 720
3883 405 720
3884 2160 3840
3885 2160 3840
3886 1080 1920
3887 405 720
3888 405 720
3889 405 720
3890 405 720
3891 405 720
3892 2160 3840
3893 1080 1920
3894 405 720
3895 2160 3840
3896 405 720
3897 405 720
3898 405 720
3899 2160 3840
3900 405 720
3901 2160 3840
3902 2160 3840
3903 1080 1920
3904 2160 3840
3905 405 720
3906 2160 3840
3907 405 720
3908 405 720
3909 405 720
3910 405 720
3911 1080 1920
3912 405 720
3913 405 720
3914 405 720
3915 405 720
3916 405 720
3917 2160 3840
3918 2160 3840
3919 405 720
3920 405 720
3921 405 720
3922 405 720
3923 2160 3840
3924 1080 1920
3925 405 720
3926 1080 1920
3927 405 720
3928 405 720
3929 405 720
3930 405 720
3931 2160 3840
3932 405 720
3933 1080 1920
3934 2160 3840
3935 405 720
3936 1080 1920
3937 405 720
3938 405 720
3939 1080 1920
3940 2160 3840
3941 2160 3840
3942 1080 1920
3943 2160 3840
3944 405 720
3945 405 720
3946 405 720
3947 2160 3840
3948 2160 3840
3949 405 720
3950 2160 3840
3951 405 720
3952 405 720
3953 405 720
3954 1080 1920
3955 405 720
3956 1080 1920
3957 1080 1920
3958 2160 3840
3959 405 720
3960 405 720
3961 2160 3840
3962 2160 3840
3963 1080 1920
3964 2160 3840
3965 405 720
3966 2160 3840
3967 405 720
3968 405 720
3969 405 720
3970 2160 3840
3971 2160 3840
3972 1080 1920
3973 405 720
3974 2160 3840
3975 405 720
3976 405 720
3977 405 720
3978 405 720
3979 2160 3840
3980 405 720
3981 1080 1920
3982 405 720
3983 405 720
3984 2160 3840
3985 405 720
3986 405 720
3987 2160 3840
3988 2160 3840
3989 405 720
3990 405 720
3991 405 720
3992 405 720
3993 2160 3840
3994 405 720
3995 2160 3840
3996 1080 1920
3997 405 720
3998 2160 3840
3999 405 720
4000 2160 3840
4001 405 720
4002 405 720
4003 405 720
4004 2160 3840
4005 405 720
4006 2160 3840
4007 405 720
4008 405 720
4009 405 720
4010 405 720
4011 405 720
4012 405 720
4013 405 720
4014 2160 3840
4015 2160 3840
4016 405 720
4017 405 720
4018 405 720
4019 1080 1920
4020 2160 3840
4021 405 720
4022 405 720
4023 405 720
4024 2160 3840
4025 1080 1920
4026 405 720
4027 405 720
4028 405 720
4029 2160 3840
4030 2160 3840
4031 405 720
4032 1080 1920
4033 405 720
4034 405 720
4035 1080 1920
4036 2160 3840
4037 2160 3840
4038 405 720
4039 405 720
4040 405 720
4041 1080 1920
4042 2160 3840
4043 2160 3840
4044 2160 3840
4045 2160 3840
4046 2160 3840
4047 2160 3840
4048 1080 1920
4049 2160 3840
4050 405 720
4051 405 720
4052 2160 3840
4053 405 720
4054 1080 1920
4055 2160 3840
4056 1080 1920
4057 405 720
4058 405 720
4059 405 720
4060 1080 1920
4061 2160 3840
4062 405 720
4063 2160 3840
4064 405 720
4065 405 720
4066 1080 1920
4067 2160 3840
4068 2160 3840
4069 1080 1920
4070 2160 3840
4071 2160 3840
4072 405 720
4073 405 720
4074 405 720
4075 405 720
4076 1080 1920
4077 2160 3840
4078 1080 1920
4079 405 720
4080 405 720
4081 405 720
4082 405 720
4083 2160 3840
4084 2160 3840
4085 2160 3840
4086 1080 1920
4087 2160 3840
4088 1080 1920
4089 480 586
4090 405 720
4091 405 720
4092 2160 3840
4093 2160 3840
4094 405 720
4095 1080 1920
4096 2160 3840
4097 2160 3840
4098 1080 1920
4099 405 720
4100 405 720
4101 2160 3840
4102 2160 3840
4103 1080 1920
4104 405 720
4105 1080 1920
4106 2160 3840
4107 405 720
4108 1080 1920
4109 1080 1920
4110 2160 3840
4111 405 720
4112 405 720
4113 405 720
4114 1080 1920
4115 405 720
4116 2160 3840
4117 405 720
4118 405 720
4119 2160 3840
4120 2160 3840
4121 1080 1920
4122 1080 1920
4123 405 720
4124 405 720
4125 405 720
4126 1080 1920
4127 1080 1920
4128 2160 3840
4129 2160 3840
4130 1080 1920
4131 2160 3840
4132 405 720
4133 2160 3840
4134 405 720
4135 405 720
4136 2160 3840
4137 405 720
4138 2160 3840
4139 2160 3840
4140 2160 3840
4141 405 720
4142 405 720
4143 405 720
4144 2160 3840
4145 2160 3840
4146 2160 3840
4147 405 720
4148 2160 3840
4149 405 720
4150 2160 3840
4151 405 720
4152 405 720
4153 405 720
4154 1080 1920
4155 405 720
4156 405 720
4157 2160 3840
4158 2160 3840
4159 2160 3840
4160 2160 3840
4161 1080 1920
4162 1080 1920
4163 405 720
4164 2160 3840
4165 405 720
4166 405 720
4167 1080 1920
4168 2160 3840
4169 2160 3840
4170 1080 1920
4171 405 720
4172 405 720
4173 2160 3840
4174 1080 1920
4175 2160 3840
4176 405 720
4177 1080 1920
4178 2160 3840
4179 2160 3840
4180 2160 3840
4181 1080 1920
4182 1080 1920
4183 1080 1920
4184 2160 3840
4185 405 720
4186 2160 3840
4187 405 720
4188 405 720
4189 2160 3840
4190 2160 3840
4191 405 720
4192 405 720
4193 1080 1920
4194 2160 3840
4195 405 720
4196 405 720
4197 405 720
4198 1080 1920
4199 405 720
4200 405 720
4201 405 720
4202 405 720
4203 405 720
4204 2160 3840
4205 405 720
4206 2160 3840
4207 405 720
4208 405 720
4209 1080 1920
4210 2160 3840
4211 2160 3840
4212 2160 3840
4213 2160 3840
4214 405 720
4215 1080 1920
4216 1080 1920
4217 1080 1920
4218 2160 3840
4219 2160 3840
4220 2160 3840
4221 2160 3840
4222 1080 1920
4223 2160 3840
4224 405 720
4225 2160 3840
4226 2160 3840
4227 2160 3840
4228 405 720
4229 2160 3840
4230 1080 1920
4231 2160 3840
4232 1080 1920
4233 576 704
4234 2160 3840
4235 405 720
4236 2160 3840
4237 2160 3840
4238 2160 3840
4239 2160 3840
4240 405 720
4241 405 720
4242 1080 1920
4243 2160 3840
4244 405 720
4245 2160 3840
4246 2160 3840
4247 1080 1920
4248 1080 1920
4249 405 720
4250 2160 3840
4251 2160 3840
4252 480 586
4253 405 720
4254 1080 1920
4255 2160 3840
4256 2160 3840
4257 405 720
4258 405 720
4259 1080 1920
4260 2160 3840
4261 2160 3840
4262 2160 3840
4263 405 720
4264 1080 1920
4265 2160 3840
4266 2160 3840
4267 1080 1920
4268 1080 1920
4269 1080 1920
4270 405 720
4271 405 720
4272 2160 3840
4273 2160 3840
4274 405 720
4275 405 720
4276 2160 3840
4277 2160 3840
4278 2160 3840
4279 2160 3840
4280 405 720
4281 405 720
4282 2160 3840
4283 2160 3840
4284 405 720
4285 1080 1920
4286 2160 3840
4287 2160 3840
4288 405 720
4289 405 720
4290 2160 3840
4291 405 720
4292 1080 1920
4293 405 720
4294 405 720
4295 576 704
4296 405 720
4297 405 720
4298 405 720
4299 2160 3840
4300 405 720
4301 2160 3840
4302 405 720
4303 405 720
4304 405 720
4305 405 720
4306 405 720
4307 2160 3840
4308 405 720
4309 405 720
4310 405 720
4311 2160 3840
4312 405 720
4313 2160 3840
4314 405 720
4315 1080 1920
4316 2160 3840
4317 2160 3840
4318 405 720
4319 405 720
4320 405 720
4321 1080 1920
4322 1080 1920
4323 405 720
4324 2160 3840
4325 405 720
4326 2160 3840
4327 405 720
4328 1080 1920
4329 2160 3840
4330 1080 1920
4331 2160 3840
4332 405 720
4333 405 720
4334 405 720
4335 405 720
4336 2160 3840
4337 405 720
4338 405 720
4339 1080 1920
4340 2160 3840
4341 2160 3840
4342 405 720
4343 2160 3840
4344 405 720
4345 2160 3840
4346 2160 3840
4347 2160 3840
4348 405 720
4349 405 720
4350 2160 3840
4351 405 720
4352 405 720
4353 2160 3840
4354 405 720
4355 405 720
4356 405 720
4357 405 720
4358 405 720
4359 2160 3840
4360 405 720
4361 2160 3840
4362 1080 1920
4363 2160 3840
4364 405 720
4365 2160 3840
4366 2160 3840
4367 405 720
4368 405 720
4369 2160 3840
4370 2160 3840
4371 1080 1920
4372 405 720
4373 1080 1920
4374 2160 3840
4375 2160 3840
4376 405 720
4377 2160 3840
4378 2160 3840
4379 405 720
4380 405 720
4381 1080 1920
4382 405 720
4383 1080 1920
4384 405 720
4385 2160 3840
4386 405 720
4387 2160 3840
4388 2160 3840
4389 2160 3840
4390 2160 3840
4391 1080 1920
4392 2160 3840
4393 1080 1920
4394 405 720
4395 405 720
4396 405 720
4397 405 720
4398 405 720
4399 405 720
4400 405 720
4401 405 720
4402 2160 3840
4403 405 720
4404 405 720
4405 1080 1920
4406 1080 1920
4407 2160 3840
4408 2160 3840
4409 405 720
4410 2160 3840
4411 2160 3840
4412 405 720
4413 2160 3840
4414 405 720
4415 405 720
4416 405 720
4417 2160 3840
4418 405 720
4419 405 720
4420 405 720
4421 405 720
4422 405 720
4423 2160 3840
4424 1080 1920
4425 405 720
4426 2160 3840
4427 405 720
4428 405 720
4429 2160 3840
4430 576 704
4431 405 720
4432 405 720
4433 1080 1920
4434 405 720
4435 405 720
4436 405 720
4437 1080 1920
4438 405 720
4439 2160 3840
4440 405 720
4441 405 720
4442 405 720
4443 1080 1920
4444 2160 3840
4445 405 720
4446 405 720
4447 2160 3840
4448 405 720
4449 405 720
4450 2160 3840
4451 405 720
4452 405 720
4453 405 720
4454 1080 1920
4455 1080 1920
4456 405 720
4457 2160 3840
4458 405 720
4459 1080 1920
4460 1080 1920
4461 1080 1920
4462 405 720
4463 2160 3840
4464 2160 3840
4465 2160 3840
4466 405 720
4467 405 720
4468 2160 3840
4469 2160 3840
4470 405 720
4471 2160 3840
4472 405 720
4473 576 704
4474 2160 3840
4475 405 720
4476 1080 1920
4477 1080 1920
4478 405 720
4479 2160 3840
4480 1080 1920
4481 2160 3840
4482 1080 1920
4483 1080 1920
4484 405 720
4485 2160 3840
4486 2160 3840
4487 1080 1920
4488 2160 3840
4489 2160 3840
4490 2160 3840
4491 405 720
4492 405 720
4493 405 720
4494 405 720
4495 405 720
4496 1080 1920
4497 405 720
4498 1080 1920
4499 405 720
4500 405 720
4501 405 720
4502 576 704
4503 2160 3840
4504 1080 1920
4505 2160 3840
4506 2160 3840
4507 405 720
4508 405 720
4509 405 720
4510 2160 3840
4511 405 720
4512 405 720
4513 405 720
4514 2160 3840
4515 1080 1920
4516 2160 3840
4517 405 720
4518 2160 3840
4519 2160 3840
4520 405 720
4521 405 720
4522 2160 3840
4523 2160 3840
4524 1080 1920
4525 405 720
4526 405 720
4527 2160 3840
4528 405 720
4529 405 720
4530 405 720
4531 2160 3840
4532 1080 1920
4533 2160 3840
4534 405 720
4535 1080 1920
4536 2160 3840
4537 1080 1920
4538 2160 3840
4539 405 720
4540 405 720
4541 405 720
4542 2160 3840
4543 405 720
4544 2160 3840
4545 405 720
4546 405 720
4547 405 720
4548 2160 3840
4549 405 720
4550 405 720
4551 1080 1920
4552 405 720
4553 405 720
4554 405 720
4555 1080 1920
4556 2160 3840
4557 2160 3840
4558 1080 1920
4559 405 720
4560 2160 3840
4561 405 720
4562 2160 3840
4563 1080 1920
4564 405 720
4565 405 720
4566 2160 3840
4567 2160 3840
4568 405 720
4569 2160 3840
4570 405 720
4571 405 720
4572 405 720
4573 1080 1920
4574 405 720
4575 405 720
4576 2160 3840
4577 1080 1920
4578 2160 3840
4579 2160 3840
4580 1080 1920
4581 480 586
4582 2160 3840
4583 405 720
4584 576 704
4585 1080 1920
4586 405 720
4587 2160 3840
4588 2160 3840
4589 2160 3840
4590 405 720
4591 2160 3840
4592 1080 1920
4593 405 720
4594 1080 1920
4595 405 720
4596 2160 3840
4597 405 720
4598 405 720
4599 2160 3840
4600 405 720
4601 405 720
4602 1080 1920
4603 2160 3840
4604 2160 3840
4605 1080 1920
4606 2160 3840
4607 2160 3840
4608 405 720
4609 2160 3840
4610 405 720
4611 405 720
4612 405 720
4613 405 720
4614 405 720
4615 405 720
4616 2160 3840
4617 405 720
4618 2160 3840
4619 2160 3840
4620 405 720
4621 405 720
4622 1080 1920
4623 2160 3840
4624 1080 1920
4625 2160 3840
4626 1080 1920
4627 2160 3840
4628 405 720
4629 2160 3840
4630 405 720
4631 2160 3840
4632 1080 1920
4633 2160 3840
4634 2160 3840
4635 2160 3840
4636 1080 1920
4637 1080 1920
4638 2160 3840
4639 405 720
4640 2160 3840
4641 2160 3840
4642 405 720
4643 405 720
4644 405 720
4645 405 720
4646 2160 3840
4647 2160 3840
4648 2160 3840
4649 2160 3840
4650 405 720
4651 2160 3840
4652 405 720
4653 405 720
4654 405 720
4655 1080 1920
4656 1080 1920
4657 1080 1920
4658 405 720
4659 405 720
4660 405 720
4661 2160 3840
4662 405 720
4663 405 720
4664 405 720
4665 405 720
4666 405 720
4667 405 720
4668 405 720
4669 2160 3840
4670 2160 3840
4671 1080 1920
4672 2160 3840
4673 2160 3840
4674 405 720
4675 1080 1920
4676 2160 3840
4677 405 720
4678 2160 3840
4679 405 720
4680 405 720
4681 1080 1920
4682 2160 3840
4683 405 720
4684 405 720
4685 2160 3840
4686 405 720
4687 2160 3840
4688 2160 3840
4689 2160 3840
4690 1080 1920
4691 2160 3840
4692 2160 3840
4693 2160 3840
4694 480 586
4695 2160 3840
4696 2160 3840
4697 405 720
4698 1080 1920
4699 2160 3840
4700 405 720
4701 405 720
4702 405 720
4703 405 720
4704 405 720
4705 405 720
4706 405 720
4707 405 720
4708 1080 1920
4709 405 720
4710 405 720
4711 405 720
4712 405 720
4713 405 720
4714 2160 3840
4715 2160 3840
4716 405 720
4717 2160 3840
4718 2160 3840
4719 1080 1920
4720 405 720
4721 405 720
4722 2160 3840
4723 2160 3840
4724 1080 1920
4725 405 720
4726 405 720
4727 405 720
4728 2160 3840
4729 405 720
4730 2160 3840
4731 1080 1920
4732 576 704
4733 405 720
4734 1080 1920
4735 1080 1920
4736 1080 1920
4737 2160 3840
4738 405 720
4739 405 720
4740 2160 3840
4741 405 720
4742 405 720
4743 2160 3840
4744 2160 3840
4745 405 720
4746 2160 3840
4747 405 720
4748 1080 1920
4749 2160 3840
4750 405 720
4751 405 720
4752 2160 3840
4753 405 720
4754 2160 3840
4755 405 720
4756 1080 1920
4757 2160 3840
4758 405 720
4759 405 720
4760 405 720
4761 1080 1920
4762 2160 3840
4763 1080 1920
4764 405 720
4765 2160 3840
4766 405 720
4767 1080 1920
4768 405 720
4769 1080 1920
4770 1080 1920
4771 405 720
4772 2160 3840
4773 405 720
4774 405 720
4775 2160 3840
4776 2160 3840
4777 1080 1920
4778 405 720
4779 2160 3840
4780 2160 3840
4781 405 720
4782 2160 3840
4783 2160 3840
4784 2160 3840
4785 2160 3840
4786 2160 3840
4787 405 720
4788 2160 3840
4789 405 720
4790 405 720
4791 1080 1920
4792 405 720
4793 1080 1920
4794 405 720
4795 2160 3840
4796 405 720
4797 1080 1920
4798 405 720
4799 405 720
4800 2160 3840
4801 2160 3840
4802 2160 3840
4803 1080 1920
4804 2160 3840
4805 405 720
4806 1080 1920
4807 405 720
4808 2160 3840
4809 2160 3840
4810 405 720
4811 405 720
4812 405 720
4813 405 720
4814 405 720
4815 2160 3840
4816 405 720
4817 405 720
4818 1080 1920
4819 1080 1920
4820 2160 3840
4821 405 720
4822 1080 1920
4823 2160 3840
4824 405 720
4825 405 720
4826 2160 3840
4827 1080 1920
4828 2160 3840
4829 2160 3840
4830 1080 1920
4831 405 720
4832 405 720
4833 2160 3840
4834 405 720
4835 405 720
4836 405 720
4837 405 720
4838 2160 3840
4839 2160 3840
4840 405 720
4841 405 720
4842 2160 3840
4843 2160 3840
4844 405 720
4845 405 720
4846 405 720
4847 2160 3840
4848 405 720
4849 405 720
4850 405 720
4851 1080 1920
4852 405 720
4853 405 720
4854 405 720
4855 2160 3840
4856 1080 1920
4857 405 720
4858 405 720
4859 405 720
4860 405 720
4861 405 720
4862 405 720
4863 405 720
4864 2160 3840
4865 405 720
4866 405 720
4867 405 720
4868 405 720
4869 405 720
4870 1080 1920
4871 405 720
4872 1080 1920
4873 2160 3840
4874 405 720
4875 405 720
4876 2160 3840
4877 1080 1920
4878 2160 3840
4879 405 720
4880 405 720
4881 405 720
4882 2160 3840
4883 2160 3840
4884 405 720
4885 405 720
4886 405 720
4887 2160 3840
4888 1080 1920
4889 2160 3840
4890 405 720
4891 405 720
4892 1080 1920
4893 2160 3840
4894 2160 3840
4895 2160 3840
4896 405 720
4897 1080 1920
4898 1080 1920
4899 405 720
4900 1080 1920
4901 2160 3840
4902 2160 3840
4903 2160 3840
4904 2160 3840
4905 405 720
4906 2160 3840
4907 405 720
4908 2160 3840
4909 405 720
4910 2160 3840
4911 2160 3840
4912 405 720
4913 2160 3840
4914 2160 3840
4915 405 720
4916 405 720
4917 1080 1920
4918 405 720
4919 1080 1920
4920 405 720
4921 2160 3840
4922 2160 3840
4923 2160 3840
4924 405 720
4925 1080 1920
4926 405 720
4927 2160 3840
4928 1080 1920
4929 405 720
4930 405 720
4931 405 720
4932 2160 3840
4933 2160 3840
4934 405 720
4935 405 720
4936 2160 3840
4937 2160 3840
4938 2160 3840
4939 405 720
4940 2160 3840
4941 405 720
4942 405 720
4943 405 720
4944 405 720
4945 1080 1920
4946 1080 1920
4947 405 720
4948 405 720
4949 1080 1920
4950 405 720
4951 2160 3840
4952 405 720
4953 2160 3840
4954 2160 3840
4955 2160 3840
4956 1080 1920
4957 405 720
4958 2160 3840
4959 1080 1920
4960 405 720
4961 1080 1920
4962 405 720
4963 2160 3840
4964 405 720
4965 1080 1920
4966 405 720
4967 405 720
4968 576 704
4969 405 720
4970 405 720
4971 405 720
4972 405 720
4973 405 720
4974 405 720
4975 405 720
4976 2160 3840
4977 480 586
4978 405 720
4979 405 720
4980 405 720
4981 2160 3840
4982 1080 1920
4983 405 720
4984 405 720
4985 405 720
4986 2160 3840
4987 1080 1920
4988 2160 3840
4989 2160 3840
4990 2160 3840
4991 2160 3840
4992 405 720
4993 2160 3840
4994 405 720
4995 1080 1920
4996 405 720
4997 405 720
4998 405 720
4999 1080 1920
5000 405 720
5001 405 720
5002 405 720
5003 405 720
5004 1080 1920
5005 405 720
5006 1080 1920
5007 2160 3840
5008 405 720
5009 2160 3840
5010 405 720
5011 405 720
5012 405 720
5013 405 720
5014 2160 3840
5015 405 720
5016 405 720
5017 405 720
5018 405 720
5019 405 720
5020 405 720
5021 2160 3840
5022 1080 1920
5023 405 720
5024 2160 3840
5025 405 720
5026 2160 3840
5027 405 720
5028 1080 1920
5029 405 720
5030 2160 3840
5031 405 720
5032 405 720
5033 405 720
5034 405 720
5035 405 720
5036 405 720
5037 405 720
5038 2160 3840
5039 405 720
5040 2160 3840
5041 405 720
5042 2160 3840
5043 405 720
5044 1080 1920
5045 405 720
5046 1080 1920
5047 405 720
5048 1080 1920
5049 405 720
5050 2160 3840
5051 2160 3840
5052 2160 3840
5053 405 720
5054 405 720
5055 2160 3840
5056 480 586
5057 1080 1920
5058 405 720
5059 2160 3840
5060 405 720
5061 1080 1920
5062 1080 1920
5063 405 720
5064 405 720
5065 2160 3840
5066 1080 1920
5067 405 720
5068 2160 3840
5069 2160 3840
5070 1080 1920
5071 2160 3840
5072 2160 3840
5073 405 720
5074 2160 3840
5075 2160 3840
5076 405 720
5077 2160 3840
5078 1080 1920
5079 405 720
5080 2160 3840
5081 2160 3840
5082 2160 3840
5083 405 720
5084 405 720
5085 2160 3840
5086 405 720
5087 405 720
5088 2160 3840
5089 405 720
5090 405 720
5091 2160 3840
5092 405 720
5093 2160 3840
5094 405 720
5095 2160 3840
5096 2160 3840
5097 405 720
5098 2160 3840
5099 405 720
5100 2160 3840
5101 405 720
5102 1080 1920
5103 1080 1920
5104 1080 1920
5105 405 720
5106 2160 3840
5107 2160 3840
5108 405 720
5109 1080 1920
5110 405 720
5111 405 720
5112 2160 3840
5113 405 720
5114 405 720
5115 2160 3840
5116 405 720
5117 1080 1920
5118 2160 3840
5119 2160 3840
5120 2160 3840
5121 480 586
5122 2160 3840
5123 405 720
5124 2160 3840
5125 1080 1920
5126 2160 3840
5127 405 720
5128 1080 1920
5129 405 720
5130 405 720
5131 2160 3840
5132 2160 3840
5133 2160 3840
5134 405 720
5135 2160 3840
5136 2160 3840
5137 2160 3840
5138 405 720
5139 405 720
5140 405 720
5141 405 720
5142 1080 1920
5143 2160 3840
5144 405 720
5145 405 720
5146 405 720
5147 1080 1920
5148 1080 1920
5149 405 720
5150 1080 1920
5151 2160 3840
5152 2160 3840
5153 405 720
5154 1080 1920
5155 405 720
5156 1080 1920
5157 405 720
5158 405 720
5159 2160 3840
5160 405 720
5161 405 720
5162 405 720
5163 405 720
5164 2160 3840
5165 405 720
5166 405 720
5167 1080 1920
5168 405 720
5169 2160 3840
5170 405 720
5171 2160 3840
5172 405 720
5173 405 720
5174 405 720
5175 1080 1920
5176 1080 1920
5177 405 720
5178 405 720
5179 1080 1920
5180 405 720
5181 405 720
5182 2160 3840
5183 2160 3840
5184 2160 3840
5185 405 720
5186 1080 1920
5187 2160 3840
5188 1080 1920
5189 405 720
5190 405 720
5191 2160 3840
5192 405 720
5193 2160 3840
5194 405 720
5195 2160 3840
5196 2160 3840
5197 405 720
5198 405 720
5199 2160 3840
5200 405 720
5201 2160 3840
5202 405 720
5203 405 720
5204 2160 3840
5205 2160 3840
5206 2160 3840
5207 405 720
5208 1080 1920
5209 405 720
5210 405 720
5211 480 586
5212 405 720
5213 405 720
5214 1080 1920
5215 405 720
5216 2160 3840
5217 405 720
5218 2160 3840
5219 405 720
5220 2160 3840
5221 405 720
5222 1080 1920
5223 2160 3840
5224 1080 1920
5225 405 720
5226 405 720
5227 1080 1920
5228 405 720
5229 405 720
5230 405 720
5231 405 720
5232 1080 1920
5233 1080 1920
5234 405 720
5235 2160 3840
5236 1080 1920
5237 1080 1920
5238 1080 1920
5239 1080 1920
5240 405 720
5241 405 720
5242 2160 3840
5243 1080 1920
5244 405 720
5245 2160 3840
5246 405 720
5247 405 720
5248 1080 1920
5249 405 720
5250 1080 1920
5251 2160 3840
5252 2160 3840
5253 405 720
5254 1080 1920
5255 2160 3840
5256 2160 3840
5257 2160 3840
5258 1080 1920
5259 2160 3840
5260 2160 3840
5261 2160 3840
5262 1080 1920
5263 405 720
5264 405 720
5265 405 720
5266 2160 3840
5267 405 720
5268 405 720
5269 2160 3840
5270 2160 3840
5271 405 720
5272 405 720
5273 2160 3840
5274 405 720
5275 2160 3840
5276 405 720
5277 405 720
5278 1080 1920
5279 2160 3840
5280 2160 3840
5281 405 720
5282 405 720
5283 2160 3840
5284 405 720
5285 405 720
5286 2160 3840
5287 405 720
5288 1080 1920
5289 2160 3840
5290 405 720
5291 1080 1920
5292 405 720
5293 1080 1920
5294 2160 3840
5295 2160 3840
5296 2160 3840
5297 2160 3840
5298 405 720
5299 1080 1920
5300 1080 1920
5301 405 720
5302 405 720
5303 2160 3840
5304 405 720
5305 1080 1920
5306 2160 3840
5307 2160 3840
5308 2160 3840
5309 2160 3840
5310 2160 3840
5311 2160 3840
5312 1080 1920
5313 405 720
5314 405 720
5315 576 704
5316 2160 3840
5317 1080 1920
5318 1080 1920
5319 2160 3840
5320 1080 1920
5321 1080 1920
5322 405 720
5323 2160 3840
5324 405 720
5325 2160 3840
5326 1080 1920
5327 405 720
5328 1080 1920
5329 405 720
5330 1080 1920
5331 2160 3840
5332 2160 3840
5333 405 720
5334 1080 1920
5335 1080 1920
5336 2160 3840
5337 405 720
5338 2160 3840
5339 405 720
5340 405 720
5341 405 720
5342 405 720
5343 2160 3840
5344 1080 1920
5345 405 720
5346 2160 3840
5347 405 720
5348 405 720
5349 405 720
5350 1080 1920
5351 405 720
5352 1080 1920
5353 405 720
5354 2160 3840
5355 405 720
5356 1080 1920
5357 405 720
5358 1080 1920
5359 1080 1920
5360 1080 1920
5361 2160 3840
5362 405 720
5363 2160 3840
5364 405 720
5365 1080 1920
5366 576 704
5367 405 720
5368 2160 3840
5369 405 720
5370 405 720
5371 405 720
5372 405 720
5373 405 720
5374 2160 3840
5375 1080 1920
5376 405 720
5377 2160 3840
5378 1080 1920
5379 1080 1920
5380 1080 1920
5381 2160 3840
5382 1080 1920
5383 2160 3840
5384 2160 3840
5385 1080 1920
5386 405 720
5387 405 720
5388 405 720
5389 2160 3840
5390 1080 1920
5391 405 720
5392 2160 3840
5393 405 720
5394 405 720
5395 1080 1920
5396 1080 1920
5397 405 720
5398 1080 1920
5399 405 720
5400 1080 1920
5401 576 704
5402 2160 3840
5403 405 720
5404 405 720
5405 405 720
5406 2160 3840
5407 405 720
5408 2160 3840
5409 405 720
5410 405 720
5411 405 720
5412 2160 3840
5413 2160 3840
5414 405 720
5415 1080 1920
5416 405 720
5417 405 720
5418 405 720
5419 2160 3840
5420 2160 3840
5421 405 720
5422 405 720
5423 2160 3840
5424 405 720
5425 1080 1920
5426 405 720
5427 405 720
5428 1080 1920
5429 405 720
5430 405 720
5431 1080 1920
5432 405 720
5433 2160 3840
5434 2160 3840
5435 2160 3840
5436 1080 1920
5437 405 720
5438 2160 3840
5439 405 720
5440 405 720
5441 405 720
5442 1080 1920
5443 405 720
5444 2160 3840
5445 405 720
5446 2160 3840
5447 2160 3840
5448 405 720
5449 2160 3840
5450 405 720
5451 1080 1920
5452 405 720
5453 2160 3840
5454 405 720
5455 405 720
5456 2160 3840
5457 2160 3840
5458 405 720
5459 2160 3840
5460 405 720
5461 2160 3840
5462 405 720
5463 2160 3840
5464 2160 3840
5465 405 720
5466 1080 1920
5467 1080 1920
5468 2160 3840
5469 405 720
5470 405 720
5471 405 720
5472 405 720
5473 1080 1920
5474 405 720
5475 405 720
5476 405 720
5477 1080 1920
5478 2160 3840
5479 1080 1920
5480 2160 3840
5481 2160 3840
5482 405 720
5483 405 720
5484 405 720
5485 405 720
5486 1080 1920
5487 2160 3840
5488 405 720
5489 405 720
5490 1080 1920
5491 2160 3840
5492 1080 1920
5493 2160 3840
5494 405 720
5495 405 720
5496 2160 3840
5497 405 720
5498 405 720
5499 405 720
5500 1080 1920
5501 405 720
5502 1080 1920
5503 405 720
5504 2160 3840
5505 405 720
5506 2160 3840
5507 2160 3840
5508 2160 3840
5509 2160 3840
5510 2160 3840
5511 405 720
5512 405 720
5513 405 720
5514 405 720
5515 405 720
5516 1080 1920
5517 405 720
5518 405 720
5519 405 720
5520 405 720
5521 2160 3840
5522 405 720
5523 1080 1920
5524 480 586
5525 405 720
5526 1080 1920
5527 2160 3840
5528 405 720
5529 2160 3840
5530 1080 1920
5531 405 720
5532 2160 3840
5533 2160 3840
5534 2160 3840
5535 2160 3840
5536 405 720
5537 2160 3840
5538 1080 1920
5539 2160 3840
5540 2160 3840
5541 405 720
5542 2160 3840
5543 405 720
5544 405 720
5545 2160 3840
5546 2160 3840
5547 2160 3840
5548 405 720
5549 405 720
5550 1080 1920
5551 405 720
5552 405 720
5553 405 720
5554 405 720
5555 405 720
5556 405 720
5557 2160 3840
5558 405 720
5559 2160 3840
5560 405 720
5561 2160 3840
5562 405 720
5563 405 720
5564 2160 3840
5565 405 720
5566 405 720
5567 405 720
5568 2160 3840
5569 405 720
5570 2160 3840
5571 405 720
5572 2160 3840
5573 405 720
5574 405 720
5575 405 720
5576 2160 3840
5577 405 720
5578 1080 1920
5579 405 720
5580 405 720
5581 2160 3840
5582 405 720
5583 1080 1920
5584 405 720
5585 405 720
5586 2160 3840
5587 1080 1920
5588 2160 3840
5589 405 720
5590 1080 1920
5591 2160 3840
5592 405 720
5593 2160 3840
5594 405 720
5595 405 720
5596 2160 3840
5597 2160 3840
5598 405 720
5599 2160 3840
5600 405 720
5601 405 720
5602 1080 1920
5603 405 720
5604 1080 1920
5605 405 720
5606 2160 3840
5607 2160 3840
5608 405 720
5609 405 720
5610 2160 3840
5611 1080 1920
5612 2160 3840
5613 2160 3840
5614 405 720
5615 405 720
5616 2160 3840
5617 2160 3840
5618 1080 1920
5619 2160 3840
5620 1080 1920
5621 2160 3840
5622 2160 3840
5623 405 720
5624 2160 3840
5625 405 720
5626 2160 3840
5627 2160 3840
5628 405 720
5629 405 720
5630 405 720
5631 405 720
5632 2160 3840
5633 2160 3840
5634 405 720
5635 480 586
5636 405 720
5637 1080 1920
5638 2160 3840
5639 2160 3840
5640 1080 1920
5641 2160 3840
5642 2160 3840
5643 405 720
5644 405 720
5645 2160 3840
5646 405 720
5647 405 720
5648 2160 3840
5649 2160 3840
5650 405 720
5651 405 720
5652 405 720
5653 405 720
5654 405 720
5655 405 720
5656 405 720
5657 405 720
5658 405 720
5659 405 720
5660 2160 3840
5661 405 720
5662 2160 3840
5663 405 720
5664 2160 3840
5665 405 720
5666 1080 1920
5667 405 720
5668 405 720
5669 405 720
5670 2160 3840
5671 1080 1920
5672 2160 3840
5673 2160 3840
5674 405 720
5675 1080 1920
5676 405 720
5677 405 720
5678 405 720
5679 405 720
5680 2160 3840
5681 405 720
5682 405 720
5683 1080 1920
5684 2160 3840
5685 2160 3840
5686 2160 3840
5687 2160 3840
5688 405 720
5689 1080 1920
5690 2160 3840
5691 2160 3840
5692 405 720
5693 2160 3840
5694 405 720
5695 2160 3840
5696 405 720
5697 2160 3840
5698 405 720
5699 405 720
5700 405 720
5701 2160 3840
5702 2160 3840
5703 405 720
5704 405 720
5705 2160 3840
5706 405 720
5707 405 720
5708 405 720
5709 2160 3840
5710 2160 3840
5711 1080 1920
5712 2160 3840
5713 405 720
5714 405 720
5715 2160 3840
5716 405 720
5717 405 720
5718 2160 3840
5719 1080 1920
5720 405 720
5721 1080 1920
5722 405 720
5723 2160 3840
5724 2160 3840
5725 2160 3840
5726 1080 1920
5727 2160 3840
5728 405 720
5729 2160 3840
5730 405 720
5731 1080 1920
5732 2160 3840
5733 405 720
5734 405 720
5735 2160 3840
5736 405 720
5737 405 720
5738 405 720
5739 2160 3840
5740 1080 1920
5741 2160 3840
5742 1080 1920
5743 1080 1920
5744 405 720
5745 405 720
5746 405 720
5747 2160 3840
5748 405 720
5749 405 720
5750 405 720
5751 405 720
5752 2160 3840
5753 1080 1920
5754 1080 1920
5755 405 720
5756 405 720
5757 405 720
5758 2160 3840
5759 405 720
5760 405 720
5761 405 720
5762 405 720
5763 2160 3840
5764 405 720
5765 2160 3840
5766 1080 1920
5767 405 720
5768 405 720
5769 1080 1920
5770 405 720
5771 2160 3840
5772 405 720
5773 2160 3840
5774 2160 3840
5775 405 720
5776 2160 3840
5777 405 720
5778 2160 3840
5779 1080 1920
5780 2160 3840
5781 405 720
5782 405 720
5783 2160 3840
5784 1080 1920
5785 405 720
5786 2160 3840
5787 405 720
5788 1080 1920
5789 1080 1920
5790 2160 3840
5791 1080 1920
5792 405 720
5793 405 720
5794 1080 1920
5795 2160 3840
5796 1080 1920
5797 405 720
5798 1080 1920
5799 1080 1920
5800 2160 3840
5801 2160 3840
5802 2160 3840
5803 1080 1920
5804 2160 3840
5805 405 720
5806 2160 3840
5807 2160 3840
5808 405 720
5809 2160 3840
5810 405 720
5811 2160 3840
5812 405 720
5813 405 720
5814 2160 3840
5815 405 720
5816 405 720
5817 2160 3840
5818 405 720
5819 405 720
5820 405 720
5821 2160 3840
5822 405 720
5823 405 720
5824 1080 1920
5825 2160 3840
5826 1080 1920
5827 405 720
5828 1080 1920
5829 405 720
5830 1080 1920
5831 405 720
5832 405 720
5833 1080 1920
5834 405 720
5835 2160 3840
5836 1080 1920
5837 2160 3840
5838 2160 3840
5839 2160 3840
5840 2160 3840
5841 405 720
5842 2160 3840
5843 405 720
5844 405 720
5845 1080 1920
5846 2160 3840
5847 1080 1920
5848 1080 1920
5849 405 720
5850 1080 1920
5851 405 720
5852 2160 3840
5853 2160 3840
5854 1080 1920
5855 405 720
5856 405 720
5857 405 720
5858 405 720
5859 405 720
5860 405 720
5861 405 720
5862 2160 3840
5863 2160 3840
5864 405 720
5865 405 720
5866 1080 1920
5867 2160 3840
5868 1080 1920
5869 2160 3840
5870 405 720
5871 2160 3840
5872 1080 1920
5873 1080 1920
5874 2160 3840
5875 405 720
5876 2160 3840
5877 1080 1920
5878 405 720
5879 405 720
5880 2160 3840
5881 2160 3840
5882 405 720
5883 405 720
5884 2160 3840
5885 405 720
5886 405 720
5887 405 720
5888 1080 1920
5889 2160 3840
5890 2160 3840
5891 2160 3840
5892 405 720
5893 2160 3840
5894 405 720
5895 405 720
5896 405 720
5897 405 720
5898 2160 3840
5899 1080 1920
5900 405 720
5901 1080 1920
5902 1080 1920
5903 405 720
5904 405 720
5905 405 720
5906 1080 1920
5907 2160 3840
5908 405 720
5909 405 720
5910 2160 3840
5911 405 720
5912 1080 1920
5913 2160 3840
5914 405 720
5915 405 720
5916 2160 3840
5917 405 720
5918 405 720
5919 405 720
5920 2160 3840
5921 2160 3840
5922 405 720
5923 2160 3840
5924 2160 3840
5925 1080 1920
5926 2160 3840
5927 405 720
5928 2160 3840
5929 1080 1920
5930 2160 3840
5931 405 720
5932 405 720
5933 405 720
5934 405 720
5935 405 720
5936 405 720
5937 405 720
5938 405 720
5939 405 720
5940 2160 3840
5941 1080 1920
5942 2160 3840
5943 2160 3840
5944 2160 3840
5945 2160 3840
5946 2160 3840
5947 1080 1920
5948 2160 3840
5949 405 720
5950 1080 1920
5951 2160 3840
5952 405 720
5953 405 720
5954 2160 3840
5955 2160 3840
5956 2160 3840
5957 1080 1920
5958 405 720
5959 405 720
5960 1080 1920
5961 405 720
5962 405 720
5963 2160 3840
5964 480 586
5965 1080 1920
5966 2160 3840
5967 1080 1920
5968 2160 3840
5969 405 720
5970 1080 1920
5971 405 720
5972 1080 1920
5973 405 720
5974 405 720
5975 2160 3840
5976 1080 1920
5977 2160 3840
5978 405 720
5979 2160 3840
5980 576 704
5981 405 720
5982 2160 3840
5983 405 720
5984 2160 3840
5985 405 720
5986 405 720
5987 405 720
5988 405 720
5989 1080 1920
5990 405 720
5991 405 720
5992 405 720
5993 405 720
5994 2160 3840
5995 405 720
5996 405 720
5997 1080 1920
5998 2160 3840
5999 2160 3840
6000 2160 3840
6001 405 720
6002 405 720
6003 2160 3840
6004 405 720
6005 405 720
6006 405 720
6007 405 720
6008 1080 1920
6009 405 720
6010 2160 3840
6011 1080 1920
6012 1080 1920
6013 1080 1920
6014 2160 3840
6015 405 720
6016 405 720
6017 405 720
6018 405 720
6019 405 720
6020 405 720
6021 480 586
6022 1080 1920
6023 405 720
6024 405 720
6025 1080 1920
6026 480 586
6027 2160 3840
6028 2160 3840
6029 405 720
6030 405 720
6031 1080 1920
6032 405 720
6033 2160 3840
6034 405 720
6035 405 720
6036 405 720
6037 2160 3840
6038 405 720
6039 2160 3840
6040 2160 3840
6041 405 720
6042 480 586
6043 1080 1920
6044 405 720
6045 2160 3840
6046 1080 1920
6047 405 720
6048 2160 3840
6049 405 720
6050 405 720
6051 1080 1920
6052 405 720
6053 2160 3840
6054 2160 3840
6055 405 720
6056 2160 3840
6057 1080 1920
6058 405 720
6059 405 720
6060 405 720
6061 2160 3840
6062 1080 1920
6063 2160 3840
6064 405 720
6065 2160 3840
6066 2160 3840
6067 405 720
6068 405 720
6069 405 720
6070 405 720
6071 1080 1920
6072 405 720
6073 2160 3840
6074 1080 1920
6075 1080 1920
6076 405 720
6077 405 720
6078 405 720
6079 405 720
6080 405 720
6081 1080 1920
6082 405 720
6083 405 720
6084 405 720
6085 405 720
6086 1080 1920
6087 405 720
6088 405 720
6089 405 720
6090 405 720
6091 2160 3840
6092 405 720
6093 1080 1920
6094 405 720
6095 2160 3840
6096 2160 3840
6097 2160 3840
6098 405 720
6099 1080 1920
6100 2160 3840
6101 405 720
6102 405 720
6103 405 720
6104 405 720
6105 2160 3840
6106 405 720
6107 2160 3840
6108 405 720
6109 2160 3840
6110 1080 1920
6111 2160 3840
6112 405 720
6113 405 720
6114 405 720
6115 405 720
6116 405 720
6117 1080 1920
6118 405 720
6119 405 720
6120 405 720
6121 1080 1920
6122 1080 1920
6123 405 720
6124 405 720
6125 405 720
6126 1080 1920
6127 405 720
6128 405 720
6129 405 720
6130 2160 3840
6131 405 720
6132 1080 1920
6133 405 720
6134 2160 3840
6135 2160 3840
6136 1080 1920
6137 2160 3840
6138 405 720
6139 405 720
6140 405 720
6141 2160 3840
6142 1080 1920
6143 405 720
6144 2160 3840
6145 405 720
6146 405 720
6147 2160 3840
6148 405 720
6149 2160 3840
6150 405 720
6151 2160 3840
6152 1080 1920
6153 405 720
6154 1080 1920
6155 2160 3840
6156 2160 3840
6157 2160 3840
6158 405 720
6159 1080 1920
6160 1080 1920
6161 405 720
6162 2160 3840
6163 1080 1920
6164 405 720
6165 2160 3840
6166 2160 3840
6167 405 720
6168 2160 3840
6169 405 720
6170 405 720
6171 405 720
6172 405 720
6173 405 720
6174 405 720
6175 2160 3840
6176 1080 1920
6177 405 720
6178 2160 3840
6179 2160 3840
6180 405 720
6181 2160 3840
6182 405 720
6183 1080 1920
6184 1080 1920
6185 405 720
6186 2160 3840
6187 405 720
6188 1080 1920
6189 2160 3840
6190 1080 1920
6191 405 720
6192 405 720
6193 1080 1920
6194 2160 3840
6195 405 720
6196 2160 3840
6197 405 720
6198 405 720
6199 405 720
6200 405 720
6201 405 720
6202 2160 3840
6203 405 720
6204 2160 3840
6205 405 720
6206 1080 1920
6207 405 720
6208 2160 3840
6209 2160 3840
6210 405 720
6211 1080 1920
6212 1080 1920
6213 405 720
6214 405 720
6215 2160 3840
6216 1080 1920
6217 2160 3840
6218 1080 1920
6219 405 720
6220 2160 3840
6221 1080 1920
6222 2160 3840
6223 2160 3840
6224 405 720
6225 2160 3840
6226 2160 3840
6227 405 720
6228 405 720
6229 2160 3840
6230 1080 1920
6231 2160 3840
6232 405 720
6233 405 720
6234 2160 3840
6235 405 720
6236 405 720
6237 405 720
6238 1080 1920
6239 1080 1920
6240 405 720
6241 405 720
6242 2160 3840
6243 405 720
6244 405 720
6245 405 720
6246 1080 1920
6247 2160 3840
6248 1080 1920
6249 405 720
6250 2160 3840
6251 405 720
6252 1080 1920
6253 2160 3840
6254 2160 3840
6255 405 720
6256 405 720
6257 405 720
6258 405 720
6259 2160 3840
6260 405 720
6261 1080 1920
6262 405 720
6263 2160 3840
6264 1080 1920
6265 405 720
6266 1080 1920
6267 2160 3840
6268 405 720
6269 2160 3840
6270 405 720
6271 2160 3840
6272 405 720
6273 405 720
6274 1080 1920
6275 2160 3840
6276 405 720
6277 1080 1920
6278 2160 3840
6279 405 720
6280 405 720
6281 405 720
6282 405 720
6283 1080 1920
6284 2160 3840
6285 405 720
6286 1080 1920
6287 2160 3840
6288 1080 1920
6289 405 720
6290 405 720
6291 405 720
6292 1080 1920
6293 2160 3840
6294 2160 3840
6295 2160 3840
6296 405 720
6297 1080 1920
6298 2160 3840
6299 405 720
6300 405 720
6301 405 720
6302 1080 1920
6303 405 720
6304 1080 1920
6305 405 720
6306 405 720
6307 405 720
6308 405 720
6309 1080 1920
6310 2160 3840
6311 2160 3840
6312 2160 3840
6313 2160 3840
6314 405 720
6315 2160 3840
6316 2160 3840
6317 405 720
6318 2160 3840
6319 405 720
6320 405 720
6321 2160 3840
6322 405 720
6323 1080 1920
6324 1080 1920
6325 2160 3840
6326 2160 3840
6327 405 720
6328 2160 3840
6329 1080 1920
6330 405 720
6331 1080 1920
6332 2160 3840
6333 405 720
6334 405 720
6335 1080 1920
6336 405 720
6337 405 720
6338 405 720
6339 405 720
6340 405 720
6341 1080 1920
6342 405 720
6343 576 704
6344 405 720
6345 2160 3840
6346 2160 3840
6347 2160 3840
6348 2160 3840
6349 405 720
6350 2160 3840
6351 2160 3840
6352 405 720
6353 1080 1920
6354 1080 1920
6355 2160 3840
6356 2160 3840
6357 405 720
6358 405 720
6359 405 720
6360 405 720
6361 2160 3840
6362 2160 3840
6363 2160 3840
6364 2160 3840
6365 405 720
6366 405 720
6367 1080 1920
6368 405 720
6369 2160 3840
6370 2160 3840
6371 2160 3840
6372 2160 3840
6373 1080 1920
6374 2160 3840
6375 405 720
6376 1080 1920
6377 2160 3840
6378 2160 3840
6379 405 720
6380 2160 3840
6381 2160 3840
6382 405 720
6383 405 720
6384 405 720
6385 405 720
6386 2160 3840
6387 405 720
6388 405 720
6389 1080 1920
6390 405 720
6391 2160 3840
6392 2160 3840
6393 405 720
6394 405 720
6395 1080 1920
6396 2160 3840
6397 405 720
6398 1080 1920
6399 1080 1920
6400 405 720
6401 405 720
6402 2160 3840
6403 2160 3840
6404 1080 1920
6405 405 720
6406 2160 3840
6407 405 720
6408 2160 3840
6409 405 720
6410 405 720
6411 1080 1920
6412 1080 1920
6413 2160 3840
6414 576 704
6415 1080 1920
6416 2160 3840
6417 2160 3840
6418 405 720
6419 2160 3840
6420 1080 1920
6421 405 720
6422 1080 1920
6423 1080 1920
6424 405 720
6425 2160 3840
6426 2160 3840
6427 1080 1920
6428 2160 3840
6429 405 720
6430 1080 1920
6431 405 720
6432 2160 3840
6433 405 720
6434 405 720
6435 405 720
6436 405 720
6437 405 720
6438 2160 3840
6439 405 720
6440 1080 1920
6441 1080 1920
6442 405 720
6443 405 720
6444 1080 1920
6445 405 720
6446 2160 3840
6447 405 720
6448 405 720
6449 405 720
6450 1080 1920
6451 2160 3840
6452 405 720
6453 405 720
6454 2160 3840
6455 405 720
6456 2160 3840
6457 2160 3840
6458 1080 1920
6459 2160 3840
6460 405 720
6461 2160 3840
6462 405 720
6463 2160 3840
6464 2160 3840
6465 2160 3840
6466 405 720
6467 1080 1920
6468 2160 3840
6469 2160 3840
6470 2160 3840
6471 2160 3840
6472 2160 3840
6473 2160 3840
6474 2160 3840
6475 2160 3840
6476 1080 1920
6477 1080 1920
6478 2160 3840
6479 405 720
6480 1080 1920
6481 405 720
6482 405 720
6483 2160 3840
6484 405 720
6485 1080 1920
6486 405 720
6487 2160 3840
6488 1080 1920
6489 405 720
6490 405 720
6491 405 720
6492 2160 3840
6493 576 704
6494 1080 1920
6495 405 720
6496 1080 1920
6497 1080 1920
6498 405 720
6499 405 720
6500 2160 3840
6501 405 720
6502 405 720
6503 1080 1920
6504 1080 1920
6505 1080 1920
6506 405 720
6507 405 720
6508 2160 3840
6509 2160 3840
6510 1080 1920
6511 1080 1920
6512 405 720
6513 405 720
6514 2160 3840
6515 2160 3840
6516 1080 1920
6517 2160 3840
6518 1080 1920
6519 405 720
6520 405 720
6521 1080 1920
6522 405 720
6523 2160 3840
6524 405 720
6525 405 720
6526 405 720
6527 2160 3840
6528 405 720
6529 405 720
6530 405 720
6531 1080 1920
6532 405 720
6533 1080 1920
6534 1080 1920
6535 405 720
6536 405 720
6537 405 720
6538 405 720
6539 405 720
6540 405 720
6541 405 720
6542 2160 3840
6543 1080 1920
6544 405 720
6545 405 720
6546 405 720
6547 405 720
6548 1080 1920
6549 405 720
6550 2160 3840
6551 2160 3840
6552 2160 3840
6553 405 720
6554 405 720
6555 2160 3840
6556 405 720
6557 405 720
6558 405 720
6559 2160 3840
6560 2160 3840
6561 2160 3840
6562 2160 3840
6563 2160 3840
6564 2160 3840
6565 405 720
6566 2160 3840
6567 405 720
6568 405 720
6569 2160 3840
6570 405 720
6571 1080 1920
6572 405 720
6573 2160 3840
6574 2160 3840
6575 2160 3840
6576 2160 3840
6577 405 720
6578 2160 3840
6579 2160 3840
6580 405 720
6581 2160 3840
6582 1080 1920
6583 405 720
6584 1080 1920
6585 405 720
6586 405 720
6587 405 720
6588 2160 3840
6589 1080 1920
6590 2160 3840
6591 1080 1920
6592 2160 3840
6593 2160 3840
6594 405 720
6595 1080 1920
6596 405 720
6597 2160 3840
6598 405 720
6599 2160 3840
6600 1080 1920
6601 1080 1920
6602 1080 1920
6603 405 720
6604 405 720
6605 1080 1920
6606 1080 1920
6607 2160 3840
6608 2160 3840
6609 405 720
6610 405 720
6611 1080 1920
6612 405 720
6613 405 720
6614 2160 3840
6615 405 720
6616 405 720
6617 2160 3840
6618 2160 3840
6619 405 720
6620 405 720
6621 2160 3840
6622 2160 3840
6623 405 720
6624 405 720
6625 405 720
6626 1080 1920
6627 2160 3840
6628 2160 3840
6629 1080 1920
6630 405 720
6631 2160 3840
6632 405 720
6633 1080 1920
6634 2160 3840
6635 2160 3840
6636 405 720
6637 405 720
6638 1080 1920
6639 405 720
6640 405 720
6641 2160 3840
6642 1080 1920
6643 1080 1920
6644 405 720
6645 405 720
6646 405 720
6647 2160 3840
6648 405 720
6649 405 720
6650 405 720
6651 2160 3840
6652 405 720
6653 405 720
6654 405 720
6655 405 720
6656 1080 1920
6657 405 720
6658 2160 3840
6659 1080 1920
6660 2160 3840
6661 405 720
6662 405 720
6663 2160 3840
6664 2160 3840
6665 1080 1920
6666 1080 1920
6667 405 720
6668 2160 3840
6669 1080 1920
6670 405 720
6671 1080 1920
