100 0.11927289 69.6813735961914
FID 100 331.379
200 0.00299362 29.24053382873535
FID 200 188.274
300 0.02641625 18.048629760742188
FID 300 223.211
400 0.09499435 32.53632736206055
FID 400 165.418
500 0.00227205 21.973989486694336
FID 500 170.322
600 0.05089058 35.900028228759766
FID 600 149.188
700 0.002668 26.201820373535156
FID 700 130.202
800 0.000986118364 17.43364715576172
FID 800 155.854
900 0.35053579 29.339805603027344
FID 900 194.745
1000 0.00108455 25.14658546447754
FID 1000 160.133
1100 0.0010675470548449084 26.601972579956055
FID 1100 144.74258259301817
1200 0.0004255004314472899 19.58640480041504
FID 1200 104.5151898172778
1300 0.28307951215538196 24.473716735839844
FID 1300 157.08342623276724
1400 0.02963396739505697 20.157007217407227
FID 1400 164.15736213442136
1500 0.008318711625179276 16.639240264892578
FID 1500 192.8447378389601
1600 0.0006218235139385797 19.581697463989258
FID 1600 154.75483242923193
1700 0.014232350105885416 19.236324310302734
FID 1700 184.35627713907712
1800 0.0005864478589501232 14.66162109375
FID 1800 152.429165126122
1900 0.0012228774139657617 20.489437103271484
FID 1900 159.34880621818874
2000 0.0012866259439761052 19.815143585205078
FID 2000 142.23303451012734
2100 0.000625562053755857 46.885433197021484
FID 2100 190.4607892594487
2200 0.000561348057090072 23.9371337890625
FID 2200 157.21940083368253
2300 0.0012018186125715147 15.856050491333008
FID 2300 104.90982950151427
2400 0.00016545380094612483 17.809024810791016
FID 2400 111.40438599410317
2500 0.31615979969501495 20.99295425415039
FID 2500 147.5654625918746
2600 0.00010013496284955181 21.427091598510742
FID 2600 172.13599948180465
2700 0.00016450781913590617 25.725622177124023
FID 2700 242.00071025605106
2800 0.0005783728265669197 13.84636116027832
FID 2800 117.37359824027152
2900 0.00015126590369618498 55.87116622924805
FID 2900 152.83202080951264
3000 0.00023585828603245318 24.961181640625
FID 3000 165.7110479056057
3100 0.15057267159318144 16.429241180419922
FID 3100 112.54953174074694
3200 1.1421633416830446e-05 18.77659034729004
FID 3200 149.15940856347953
3300 5.245566762823728e-05 18.261619567871094
FID 3300 124.64682581468986
3400 0.000292392483970616 37.29726791381836
FID 3400 204.37972287705315
3500 0.0012939484363414522 17.78361701965332
FID 3500 178.9472123415633
3600 0.00027526960820978275 18.156299591064453
FID 3600 138.57572159804155
3700 0.0007955722844599222 19.8031005859375
FID 3700 202.77463609743563
3800 0.012857074053499673 20.211685180664062
FID 3800 204.96833787790166
3900 4.676595108321635e-05 20.8504695892334
FID 3900 94.56127057090302
4000 2.3099707959772786e-05 14.487313270568848
FID 4000 158.90888433442686
4100 0.0005986548439977923 18.163402557373047
FID 4100 160.4530744764278
4200 7.771835225867108e-05 16.590442657470703
FID 4200 137.95858170318874
4300 0.0002290642476054927 16.76944923400879
FID 4300 148.51977415251125
4400 0.467479760030983 14.472064018249512
FID 4400 122.82585559742091
4500 0.0003355745939188637 13.9652738571167
FID 4500 120.10505097526415
4600 2.957805781989009e-05 20.33631706237793
FID 4600 112.18630087490307
4700 3.378159976819006e-05 14.78746223449707
FID 4700 132.57902589885688
4800 1.5941698620736133e-05 24.78850746154785
FID 4800 223.93472351122347
4900 0.49284123985125916 16.929433822631836
FID 4900 167.9064124198846
5000 5.381767095968826e-05 12.835517883300781
FID 5000 144.99616074316626
5100 0.00017887272792904696 32.41120147705078
FID 5100 185.64886600128813
5200 0.03544192286426551 21.989185333251953
FID 5200 167.9057770055831
5300 0.00011592883492994588 25.74052619934082
FID 5300 119.9199979432481
5400 4.612100383383222e-06 43.87673568725586
FID 5400 146.3994949376199
5500 2.601957646675146e-06 17.476369857788086
FID 5500 202.74974908096198
5600 0.001013676374896022 14.385583877563477
FID 5600 314.94348624240286
5700 5.674655722032185e-05 36.79690933227539
FID 5700 198.6389165759959
5800 8.5520587163046e-05 18.580730438232422
FID 5800 150.92497449511092
5900 0.00011197601270396262 13.26059341430664
FID 5900 173.8218555565796
6000 3.421196970521123e-05 15.91340446472168
FID 6000 162.77334416281315
6100 0.00021202394054853357 21.75925636291504
FID 6100 136.69046369019503
6200 0.44050515001435997 30.43597412109375
FID 6200 134.74500273518444
6300 7.530375467013073e-05 31.807992935180664
FID 6300 141.04342729787132
6400 4.92235594720114e-05 18.697019577026367
FID 6400 163.51181901916453
6500 1.1807345799752511e-05 22.402212142944336
FID 6500 161.15044965115004
6600 0.0001207394134326023 23.711057662963867
FID 6600 149.0308661983662
6700 1.0266044682794018e-05 17.291664123535156
FID 6700 129.07252329409647
6800 0.021646195236826316 20.142427444458008
FID 6800 210.40866361290878
6900 2.737108161454671e-06 23.178617477416992
FID 6900 166.56055092446755
7000 5.612273162114434e-05 18.059267044067383
FID 7000 113.80915071241972
7100 1.9735318915081734e-05 17.588708877563477
FID 7100 125.75734265939245
7200 5.895589936244505e-06 14.944509506225586
FID 7200 124.2383371337476
7300 3.561438688848284e-05 10.240827560424805
FID 7300 146.0834394027696
7400 1.7253164514841046e-05 11.273306846618652
FID 7400 130.27295078857455
7500 2.580036198196467e-05 23.402734756469727
FID 7500 136.7546853635991
7600 7.75990854435804e-05 9.571425437927246
FID 7600 122.84644513868295
7700 0.00042653157288441435 18.609819412231445
FID 7700 199.12049975925817
7800 0.19495046797965188 10.614178657531738
FID 7800 169.43311221511772
